13:58:27.598	L(-0,06,-0,65,0,12)	R(0,02,-0,57,0,13)
13:58:28.601	L(-0,06,-0,65,0,11)	R(0,02,-0,57,0,12)
13:58:29.608	L(-0,06,-0,65,0,11)	R(0,02,-0,57,0,12)
13:58:30.616	L(-0,06,-0,66,0,12)	R(0,01,-0,57,0,13)
13:58:31.618	L(-0,07,-0,61,0,13)	R(0,01,-0,55,0,13)
13:58:32.640	L(-0,06,-0,61,0,14)	R(0,02,-0,49,0,16)
13:58:33.710	L(-0,07,-0,67,0,17)	R(-0,06,-0,35,0,11)
13:58:34.727	L(-0,05,-0,65,0,14)	R(-0,03,-0,26,0,22)
13:58:35.728	L(-0,05,-0,66,0,15)	R(-0,02,-0,29,0,24)
13:58:36.733	L(-0,04,-0,67,0,15)	R(-0,10,-0,29,0,35)
13:58:37.804	L(-0,05,-0,66,0,15)	R(0,03,-0,27,0,26)
13:58:38.806	L(-0,04,-0,67,0,15)	R(-0,13,-0,29,0,39)
13:58:39.823	L(-0,04,-0,67,0,15)	R(-0,01,-0,29,0,22)
13:58:40.825	L(-0,04,-0,67,0,15)	R(-0,06,-0,30,0,24)
13:58:41.843	L(-0,04,-0,67,0,15)	R(0,05,-0,26,0,25)
13:58:42.859	L(-0,04,-0,67,0,15)	R(0,06,-0,28,0,25)
13:58:43.874	L(-0,04,-0,67,0,15)	R(-0,12,-0,28,0,38)
13:58:44.891	L(-0,04,-0,67,0,15)	R(0,01,-0,28,0,23)
13:58:45.909	L(-0,04,-0,67,0,15)	R(-0,09,-0,27,0,30)
13:58:46.910	L(-0,04,-0,67,0,15)	R(0,03,-0,27,0,23)
13:58:47.926	L(-0,04,-0,67,0,15)	R(0,03,-0,30,0,23)
13:58:48.930	L(-0,04,-0,67,0,15)	R(-0,12,-0,32,0,34)
13:58:49.946	L(-0,04,-0,67,0,15)	R(-0,01,-0,29,0,19)
13:58:50.963	L(-0,04,-0,67,0,15)	R(-0,02,-0,29,0,19)
13:58:51.979	L(-0,04,-0,67,0,14)	R(-0,15,-0,30,0,44)
13:58:52.993	L(-0,04,-0,67,0,14)	R(-0,02,-0,30,0,18)
13:58:54.012	L(-0,04,-0,67,0,14)	R(-0,02,-0,30,0,17)
13:58:55.029	L(-0,04,-0,67,0,14)	R(-0,03,-0,26,0,25)
13:58:56.031	L(-0,03,-0,67,0,14)	R(0,04,-0,27,0,23)
13:58:57.034	L(-0,03,-0,67,0,15)	R(-0,05,-0,27,0,22)
13:58:58.049	L(-0,04,-0,67,0,14)	R(0,02,-0,21,0,23)
13:58:59.067	L(-0,04,-0,67,0,15)	R(0,04,-0,27,0,22)
13:59:00.098	L(-0,04,-0,67,0,15)	R(-0,13,-0,26,0,43)
13:59:01.113	L(-0,04,-0,67,0,15)	R(0,05,-0,27,0,20)
13:59:02.132	L(-0,04,-0,67,0,15)	R(0,04,-0,28,0,20)
13:59:03.170	L(-0,04,-0,67,0,15)	R(-0,08,-0,27,0,33)
13:59:04.189	L(-0,04,-0,67,0,15)	R(0,02,-0,28,0,21)
13:59:05.220	L(-0,04,-0,67,0,15)	R(0,02,-0,29,0,21)
13:59:06.236	L(-0,04,-0,67,0,15)	R(-0,14,-0,30,0,37)
13:59:07.253	L(-0,04,-0,67,0,15)	R(0,03,-0,29,0,19)
13:59:08.269	L(-0,04,-0,67,0,15)	R(0,02,-0,29,0,19)
13:59:09.285	L(-0,04,-0,67,0,14)	R(-0,16,-0,31,0,41)
13:59:10.303	L(-0,04,-0,67,0,15)	R(0,02,-0,30,0,17)
13:59:11.318	L(-0,04,-0,67,0,15)	R(-0,06,-0,29,0,21)
13:59:12.335	L(-0,04,-0,67,0,14)	R(0,06,-0,24,0,23)
13:59:13.349	L(-0,04,-0,67,0,14)	R(0,07,-0,28,0,23)
13:59:14.367	L(-0,04,-0,67,0,15)	R(-0,14,-0,30,0,44)
13:59:15.384	L(-0,04,-0,67,0,15)	R(0,07,-0,27,0,20)
13:59:16.402	L(-0,04,-0,67,0,14)	R(0,07,-0,28,0,20)
13:59:17.417	L(-0,04,-0,67,0,15)	R(-0,07,-0,25,0,32)
13:59:18.432	L(-0,04,-0,67,0,15)	R(0,07,-0,28,0,19)
13:59:19.450	L(-0,04,-0,67,0,15)	R(-0,06,-0,26,0,28)
13:59:20.465	L(-0,04,-0,67,0,15)	R(0,06,-0,23,0,24)
13:59:21.468	L(-0,04,-0,67,0,15)	R(0,10,-0,28,0,24)
13:59:22.484	L(-0,04,-0,67,0,15)	R(-0,07,-0,26,0,24)
13:59:23.500	L(-0,04,-0,67,0,15)	R(0,05,-0,24,0,25)
13:59:24.531	L(-0,04,-0,67,0,15)	R(0,08,-0,28,0,23)
13:59:25.562	L(-0,04,-0,67,0,15)	R(0,08,-0,28,0,21)
13:59:26.588	L(-0,05,-0,67,0,18)	R(0,21,-0,16,0,04)
13:59:27.592	L(-0,06,-0,68,0,19)	R(0,54,-0,13,0,08)
13:59:28.593	L(-0,06,-0,67,0,19)	R(0,33,-0,06,0,06)
13:59:29.648	L(-0,05,-0,67,0,17)	R(-0,14,-0,25,0,42)
13:59:30.671	L(-0,04,-0,67,0,17)	R(0,07,-0,19,0,25)
13:59:31.702	L(-0,04,-0,68,0,17)	R(0,12,-0,27,0,24)
13:59:32.718	L(-0,04,-0,68,0,17)	R(0,09,-0,25,0,22)
13:59:33.735	L(-0,04,-0,68,0,17)	R(-0,13,-0,26,0,34)
13:59:34.739	L(-0,03,-0,68,0,16)	R(0,04,-0,27,0,20)
13:59:35.752	L(-0,03,-0,68,0,16)	R(0,04,-0,28,0,21)
13:59:36.769	L(-0,04,-0,67,0,16)	R(-0,17,-0,29,0,43)
13:59:37.786	L(-0,03,-0,68,0,16)	R(0,05,-0,28,0,17)
13:59:38.788	L(-0,03,-0,68,0,16)	R(0,03,-0,29,0,19)
13:59:39.820	L(-0,03,-0,68,0,16)	R(-0,12,-0,28,0,31)
13:59:40.836	L(-0,03,-0,68,0,16)	R(0,05,-0,28,0,19)
13:59:41.866	L(-0,03,-0,68,0,16)	R(-0,01,-0,29,0,20)
13:59:42.881	L(-0,03,-0,68,0,16)	R(0,02,-0,26,0,24)
13:59:43.909	L(-0,03,-0,68,0,16)	R(0,09,-0,29,0,20)
13:59:44.956	L(-0,03,-0,68,0,16)	R(0,07,-0,29,0,18)
13:59:45.972	L(-0,03,-0,68,0,16)	R(-0,06,-0,26,0,29)
13:59:46.989	L(-0,03,-0,68,0,16)	R(0,09,-0,28,0,17)
13:59:48.033	L(-0,03,-0,68,0,16)	R(0,02,-0,29,0,17)
13:59:49.064	L(-0,03,-0,68,0,16)	R(-0,03,-0,23,0,25)
13:59:50.081	L(-0,03,-0,68,0,16)	R(0,08,-0,29,0,20)
13:59:51.110	L(-0,03,-0,68,0,16)	R(0,07,-0,30,0,21)
13:59:52.155	L(-0,03,-0,68,0,16)	R(-0,09,-0,25,0,29)
13:59:53.199	L(-0,03,-0,68,0,16)	R(0,08,-0,28,0,18)
13:59:54.230	L(-0,03,-0,68,0,16)	R(0,07,-0,29,0,18)
13:59:55.260	L(-0,03,-0,68,0,16)	R(-0,06,-0,28,0,28)
13:59:56.291	L(-0,03,-0,68,0,16)	R(0,08,-0,28,0,16)
13:59:57.335	L(-0,03,-0,68,0,16)	R(-0,03,-0,31,0,18)
13:59:58.365	L(-0,03,-0,68,0,16)	R(0,09,-0,22,0,23)
13:59:59.396	L(-0,03,-0,68,0,16)	R(0,14,-0,27,0,25)
14:00:00.426	L(-0,03,-0,68,0,16)	R(-0,08,-0,29,0,24)
14:00:01.457	L(-0,03,-0,68,0,16)	R(0,10,-0,24,0,20)
14:00:02.500	L(-0,03,-0,68,0,16)	R(0,13,-0,27,0,21)
14:00:03.528	L(-0,03,-0,68,0,16)	R(0,01,-0,31,0,19)
14:00:04.561	L(-0,03,-0,68,0,15)	R(0,00,-0,24,0,27)
14:00:05.604	L(-0,03,-0,68,0,15)	R(0,13,-0,27,0,19)
14:00:06.635	L(-0,03,-0,68,0,15)	R(0,09,-0,28,0,17)
14:00:07.680	L(-0,03,-0,68,0,16)	R(0,12,-0,29,0,18)
14:00:08.725	L(-0,03,-0,68,0,16)	R(0,12,-0,28,0,19)
14:00:09.756	L(-0,03,-0,68,0,16)	R(0,12,-0,29,0,19)
14:00:10.813	L(-0,03,-0,68,0,16)	R(-0,12,-0,29,0,38)
14:00:11.858	L(-0,03,-0,68,0,16)	R(0,11,-0,29,0,16)
14:00:12.902	L(-0,02,-0,68,0,16)	R(0,12,-0,30,0,17)
14:00:13.931	L(-0,03,-0,68,0,16)	R(-0,15,-0,30,0,42)
14:00:14.962	L(-0,03,-0,68,0,16)	R(0,13,-0,27,0,21)
14:00:16.006	L(-0,03,-0,68,0,16)	R(0,12,-0,28,0,23)
14:00:17.037	L(-0,03,-0,68,0,16)	R(0,11,-0,28,0,23)
14:00:18.066	L(-0,03,-0,68,0,16)	R(-0,14,-0,27,0,35)
14:00:19.111	L(-0,03,-0,68,0,16)	R(0,11,-0,28,0,20)
14:00:20.143	L(-0,03,-0,68,0,16)	R(0,11,-0,28,0,21)
14:00:21.172	L(-0,03,-0,68,0,16)	R(0,12,-0,26,0,12)
14:00:22.204	L(-0,05,-0,69,0,19)	R(0,47,-0,14,0,06)
14:00:23.219	L(-0,05,-0,69,0,19)	R(0,45,-0,08,0,02)
14:00:24.243	L(-0,04,-0,68,0,16)	R(-0,16,-0,16,0,28)
14:00:25.280	L(-0,04,-0,68,0,16)	R(-0,02,-0,23,0,21)
14:00:26.296	L(-0,04,-0,69,0,17)	R(0,12,-0,29,0,18)
14:00:27.326	L(-0,04,-0,69,0,17)	R(0,11,-0,29,0,18)
14:00:28.369	L(-0,04,-0,69,0,17)	R(0,03,-0,29,0,16)
14:00:29.399	L(-0,04,-0,68,0,17)	R(-0,01,-0,24,0,22)
14:00:30.428	L(-0,04,-0,69,0,17)	R(0,10,-0,29,0,16)
14:00:31.473	L(-0,04,-0,69,0,17)	R(0,10,-0,29,0,16)
14:00:32.503	L(-0,04,-0,68,0,16)	R(-0,11,-0,28,0,34)
14:00:33.546	L(-0,04,-0,68,0,17)	R(0,20,-0,25,0,27)
14:00:34.580	L(-0,04,-0,68,0,17)	R(0,18,-0,22,0,25)
14:00:35.607	L(-0,04,-0,68,0,17)	R(-0,07,-0,23,0,36)
14:00:36.638	L(-0,04,-0,69,0,17)	R(0,22,-0,26,0,23)
14:00:37.685	L(-0,04,-0,69,0,17)	R(0,18,-0,25,0,24)
14:00:38.714	L(-0,04,-0,68,0,17)	R(-0,06,-0,25,0,35)
14:00:39.756	L(-0,04,-0,68,0,17)	R(0,21,-0,27,0,22)
14:00:40.804	L(-0,04,-0,68,0,17)	R(0,21,-0,27,0,22)
14:00:41.845	L(-0,04,-0,68,0,16)	R(-0,11,-0,28,0,40)
14:00:42.888	L(-0,04,-0,68,0,17)	R(0,20,-0,25,0,20)
14:00:43.933	L(-0,04,-0,68,0,17)	R(0,21,-0,27,0,20)
14:00:44.969	L(-0,04,-0,69,0,17)	R(0,35,-0,16,0,05)
14:00:46.012	L(-0,04,-0,68,0,17)	R(0,61,-0,14,0,08)
14:00:47.042	L(-0,04,-0,68,0,17)	R(0,61,-0,24,0,08)
14:00:48.099	L(-0,04,-0,68,0,17)	R(0,24,-0,08,0,06)
14:00:49.118	L(-0,04,-0,68,0,16)	R(0,03,-0,06,0,13)
14:00:50.173	L(-0,04,-0,68,0,16)	R(0,29,-0,16,0,03)
14:00:51.212	L(-0,04,-0,68,0,17)	R(0,41,-0,22,0,02)
14:00:52.228	L(-0,04,-0,68,0,17)	R(0,53,-0,23,0,04)
14:00:53.253	L(-0,04,-0,68,0,17)	R(0,32,-0,22,0,01)
14:00:54.281	L(-0,04,-0,68,0,17)	R(-0,19,-0,29,0,24)
14:00:55.312	L(-0,04,-0,68,0,17)	R(0,03,-0,27,0,16)
14:00:56.373	L(-0,04,-0,68,0,17)	R(0,04,-0,30,0,16)
14:00:57.426	L(-0,04,-0,68,0,17)	R(0,14,-0,14,0,07)
14:00:58.443	L(-0,04,-0,68,0,17)	R(0,29,-0,03,-0,01)
14:00:59.462	L(-0,04,-0,68,0,17)	R(0,41,-0,21,0,04)
14:01:00.479	L(-0,04,-0,68,0,17)	R(0,52,-0,20,0,05)
14:01:01.506	L(-0,04,-0,68,0,17)	R(0,26,-0,18,0,02)
14:01:02.539	L(-0,04,-0,68,0,17)	R(0,26,-0,19,0,01)
14:01:03.569	L(-0,04,-0,68,0,17)	R(0,26,-0,19,0,01)
14:01:04.599	L(-0,04,-0,68,0,17)	R(0,27,-0,20,0,01)
14:01:05.641	L(-0,04,-0,68,0,17)	R(0,33,-0,22,0,04)
14:01:06.658	L(-0,04,-0,68,0,17)	R(0,60,-0,23,0,08)
14:01:07.679	L(-0,04,-0,68,0,17)	R(0,27,-0,21,0,03)
14:01:08.707	L(-0,04,-0,68,0,17)	R(0,27,-0,27,0,20)
14:01:09.763	L(-0,04,-0,68,0,17)	R(-0,01,-0,17,0,19)
14:01:10.807	L(-0,04,-0,68,0,17)	R(-0,04,-0,27,0,16)
14:01:11.853	L(-0,04,-0,68,0,17)	R(-0,05,-0,29,0,18)
14:01:12.909	L(-0,04,-0,68,0,17)	R(0,14,-0,24,0,23)
14:01:13.967	L(-0,04,-0,68,0,17)	R(0,20,-0,34,0,28)
14:01:15.025	L(-0,04,-0,69,0,17)	R(0,00,-0,29,0,17)
14:01:16.070	L(-0,04,-0,68,0,17)	R(0,00,-0,29,0,18)
14:01:17.115	L(-0,04,-0,68,0,17)	R(0,01,-0,28,0,18)
14:01:18.173	L(-0,04,-0,69,0,17)	R(0,18,-0,33,0,29)
14:01:19.218	L(-0,04,-0,69,0,17)	R(0,04,-0,28,0,17)
14:01:20.261	L(-0,04,-0,69,0,17)	R(0,03,-0,29,0,18)
14:01:21.321	L(-0,04,-0,69,0,17)	R(0,04,-0,29,0,17)
14:01:22.364	L(-0,04,-0,69,0,17)	R(0,19,-0,33,0,30)
14:01:23.408	L(-0,04,-0,69,0,17)	R(0,08,-0,28,0,17)
14:01:24.478	L(-0,04,-0,69,0,17)	R(0,08,-0,29,0,17)
14:01:25.537	L(-0,04,-0,69,0,17)	R(0,12,-0,28,0,21)
14:01:26.582	L(-0,04,-0,69,0,17)	R(0,14,-0,30,0,25)
14:01:27.628	L(-0,04,-0,69,0,17)	R(0,12,-0,29,0,17)
14:01:28.686	L(-0,04,-0,69,0,17)	R(0,12,-0,29,0,17)
14:01:29.733	L(-0,04,-0,68,0,17)	R(0,05,-0,34,0,12)
14:01:30.822	L(-0,04,-0,68,0,17)	R(0,08,-0,25,0,14)
14:01:31.878	L(-0,04,-0,68,0,17)	R(0,03,-0,17,0,16)
14:01:32.945	L(-0,04,-0,68,0,17)	R(0,04,-0,22,0,16)
14:01:33.981	L(-0,04,-0,68,0,16)	R(0,04,-0,22,0,15)
14:01:35.023	L(-0,04,-0,68,0,17)	R(0,25,-0,19,0,30)
14:01:36.064	L(-0,04,-0,68,0,17)	R(0,17,-0,17,0,24)
14:01:37.109	L(-0,04,-0,68,0,17)	R(-0,02,-0,26,0,15)
14:01:38.155	L(-0,04,-0,68,0,17)	R(-0,02,-0,27,0,17)
14:01:39.197	L(-0,04,-0,68,0,17)	R(-0,02,-0,28,0,17)
14:01:40.255	L(-0,04,-0,68,0,17)	R(0,26,-0,20,0,30)
14:01:41.300	L(-0,04,-0,68,0,17)	R(0,19,-0,18,0,23)
14:01:42.359	L(-0,04,-0,68,0,17)	R(0,02,-0,27,0,17)
14:01:43.393	L(-0,04,-0,68,0,17)	R(0,02,-0,28,0,16)
14:01:44.447	L(-0,04,-0,68,0,17)	R(0,19,-0,19,0,26)
14:01:45.495	L(-0,04,-0,68,0,17)	R(0,21,-0,20,0,24)
14:01:46.551	L(-0,04,-0,68,0,17)	R(0,07,-0,27,0,16)
14:01:47.582	L(-0,04,-0,68,0,17)	R(0,07,-0,28,0,16)
14:01:48.627	L(-0,04,-0,68,0,17)	R(0,07,-0,28,0,17)
14:01:49.669	L(-0,04,-0,68,0,17)	R(0,15,-0,21,0,26)
14:01:50.725	L(-0,04,-0,68,0,17)	R(0,21,-0,19,0,24)
14:01:51.771	L(-0,04,-0,68,0,17)	R(0,10,-0,27,0,17)
14:01:52.816	L(-0,04,-0,68,0,17)	R(0,10,-0,28,0,17)
14:01:53.844	L(-0,04,-0,68,0,17)	R(0,17,-0,20,0,15)
14:01:54.889	L(-0,04,-0,68,0,17)	R(0,52,-0,22,0,08)
14:01:55.962	L(-0,04,-0,68,0,17)	R(0,44,-0,17,0,06)
14:01:56.992	L(-0,04,-0,68,0,17)	R(0,51,-0,21,0,04)
14:01:58.023	L(-0,04,-0,68,0,17)	R(0,53,-0,22,0,06)
14:01:59.040	L(-0,04,-0,68,0,17)	R(0,41,-0,17,0,08)
14:02:00.082	L(-0,04,-0,69,0,17)	R(0,08,-0,21,0,42)
14:02:01.130	L(-0,04,-0,69,0,17)	R(0,08,-0,15,0,32)
14:02:02.199	L(-0,04,-0,69,0,17)	R(0,06,-0,18,0,22)
14:02:03.270	L(-0,04,-0,69,0,17)	R(0,05,-0,20,0,23)
14:02:04.328	L(-0,04,-0,69,0,17)	R(0,06,-0,19,0,22)
14:02:05.387	L(-0,04,-0,69,0,17)	R(0,06,-0,21,0,22)
14:02:06.433	L(-0,04,-0,69,0,17)	R(0,06,-0,18,0,22)
14:02:07.476	L(-0,04,-0,69,0,17)	R(0,07,-0,20,0,21)
14:02:08.534	L(-0,04,-0,69,0,17)	R(0,07,-0,20,0,21)
14:02:09.579	L(-0,04,-0,69,0,17)	R(0,05,-0,20,0,21)
14:02:10.623	L(-0,04,-0,69,0,17)	R(0,05,-0,20,0,21)
14:02:11.669	L(-0,04,-0,69,0,17)	R(0,05,-0,20,0,19)
14:02:12.725	L(-0,04,-0,69,0,17)	R(0,05,-0,21,0,19)
14:02:13.783	L(-0,04,-0,69,0,17)	R(0,06,-0,20,0,18)
14:02:14.843	L(-0,04,-0,69,0,17)	R(0,06,-0,21,0,18)
14:02:15.885	L(-0,04,-0,69,0,17)	R(0,07,-0,19,0,18)
14:02:16.930	L(-0,04,-0,69,0,17)	R(0,07,-0,21,0,19)
14:02:17.975	L(-0,04,-0,69,0,17)	R(0,07,-0,20,0,16)
14:02:19.019	L(-0,04,-0,69,0,17)	R(0,07,-0,21,0,17)
14:02:20.064	L(-0,04,-0,69,0,17)	R(0,08,-0,19,0,16)
14:02:21.122	L(-0,04,-0,69,0,17)	R(0,08,-0,20,0,16)
14:02:22.180	L(-0,04,-0,69,0,17)	R(0,08,-0,20,0,18)
14:02:23.250	L(-0,04,-0,69,0,17)	R(0,08,-0,21,0,18)
14:02:24.296	L(-0,04,-0,69,0,17)	R(0,08,-0,20,0,20)
14:02:25.345	L(-0,04,-0,69,0,17)	R(0,08,-0,21,0,20)
14:02:26.411	L(-0,04,-0,69,0,17)	R(0,08,-0,21,0,22)
14:02:27.469	L(-0,04,-0,69,0,17)	R(0,08,-0,21,0,22)
14:02:28.505	L(-0,04,-0,69,0,17)	R(0,09,-0,21,0,21)
14:02:29.557	L(-0,04,-0,69,0,17)	R(0,09,-0,20,0,20)
14:02:30.602	L(-0,04,-0,69,0,17)	R(0,09,-0,21,0,19)
14:02:31.674	L(-0,04,-0,69,0,17)	R(0,09,-0,20,0,18)
14:02:32.734	L(-0,04,-0,69,0,17)	R(0,09,-0,22,0,17)
14:02:33.768	L(-0,04,-0,69,0,17)	R(0,09,-0,20,0,16)
14:02:34.837	L(-0,04,-0,69,0,17)	R(0,10,-0,22,0,15)
14:02:35.870	L(-0,04,-0,69,0,17)	R(0,11,-0,20,0,14)
14:02:36.939	L(-0,04,-0,69,0,17)	R(0,11,-0,21,0,15)
14:02:37.972	L(-0,04,-0,69,0,17)	R(0,11,-0,20,0,17)
14:02:39.053	L(-0,04,-0,69,0,17)	R(0,11,-0,21,0,17)
14:02:40.089	L(-0,04,-0,69,0,17)	R(0,11,-0,21,0,19)
14:02:41.156	L(-0,04,-0,69,0,17)	R(0,11,-0,21,0,19)
14:02:42.219	L(-0,04,-0,69,0,17)	R(0,11,-0,21,0,21)
14:02:43.272	L(-0,04,-0,69,0,17)	R(0,12,-0,20,0,21)
14:02:44.335	L(-0,04,-0,69,0,17)	R(0,13,-0,21,0,21)
14:02:45.393	L(-0,04,-0,69,0,17)	R(0,13,-0,21,0,20)
14:02:46.452	L(-0,04,-0,69,0,17)	R(0,12,-0,23,0,18)
14:02:47.510	L(-0,04,-0,69,0,18)	R(0,13,-0,23,0,19)
14:02:48.568	L(-0,04,-0,69,0,18)	R(0,14,-0,23,0,17)
14:02:49.625	L(-0,04,-0,69,0,18)	R(0,14,-0,23,0,17)
14:02:50.680	L(-0,04,-0,69,0,18)	R(0,14,-0,23,0,16)
14:02:51.728	L(-0,04,-0,69,0,18)	R(0,15,-0,23,0,15)
14:02:52.786	L(-0,04,-0,69,0,18)	R(0,15,-0,24,0,15)
14:02:53.845	L(-0,04,-0,69,0,18)	R(0,15,-0,23,0,17)
14:02:54.905	L(-0,04,-0,69,0,18)	R(0,14,-0,23,0,18)
14:02:55.970	L(-0,04,-0,69,0,17)	R(0,13,-0,23,0,19)
14:02:57.033	L(-0,04,-0,69,0,17)	R(0,13,-0,23,0,20)
14:02:58.091	L(-0,04,-0,69,0,17)	R(0,14,-0,23,0,20)
14:02:59.149	L(-0,04,-0,69,0,17)	R(0,14,-0,23,0,20)
14:03:00.206	L(-0,04,-0,69,0,17)	R(0,15,-0,23,0,18)
14:03:01.252	L(-0,04,-0,69,0,17)	R(0,15,-0,23,0,18)
14:03:02.305	L(-0,04,-0,69,0,18)	R(0,15,-0,23,0,16)
14:03:03.363	L(-0,04,-0,69,0,18)	R(0,15,-0,24,0,16)
14:03:04.425	L(-0,04,-0,69,0,17)	R(0,16,-0,24,0,14)
14:03:05.470	L(-0,04,-0,69,0,17)	R(0,16,-0,23,0,14)
14:03:06.513	L(-0,04,-0,69,0,17)	R(0,30,-0,25,0,16)
14:03:07.556	L(-0,04,-0,69,0,17)	R(0,12,-0,23,0,13)
14:03:08.637	L(-0,04,-0,69,0,17)	R(0,08,-0,22,0,15)
14:03:09.692	L(-0,04,-0,69,0,17)	R(0,04,-0,31,0,15)
14:03:10.746	L(-0,04,-0,69,0,17)	R(0,04,-0,33,0,15)
14:03:11.778	L(-0,04,-0,69,0,17)	R(0,13,-0,21,0,14)
14:03:12.832	L(-0,04,-0,69,0,17)	R(0,29,-0,16,0,18)
14:03:13.876	L(-0,04,-0,69,0,17)	R(0,05,-0,17,0,22)
14:03:14.921	L(-0,04,-0,69,0,18)	R(0,03,-0,20,0,23)
14:03:15.967	L(-0,04,-0,69,0,18)	R(0,03,-0,21,0,23)
14:03:17.024	L(-0,04,-0,69,0,18)	R(0,04,-0,20,0,22)
14:03:18.068	L(-0,04,-0,69,0,18)	R(0,04,-0,21,0,22)
14:03:19.112	L(-0,04,-0,69,0,18)	R(0,03,-0,21,0,21)
14:03:20.158	L(-0,04,-0,69,0,18)	R(0,03,-0,21,0,21)
14:03:21.202	L(-0,04,-0,69,0,18)	R(0,04,-0,21,0,20)
14:03:22.247	L(-0,04,-0,69,0,18)	R(0,05,-0,21,0,20)
14:03:23.305	L(-0,04,-0,69,0,18)	R(0,04,-0,22,0,19)
14:03:24.361	L(-0,04,-0,69,0,18)	R(0,04,-0,21,0,18)
14:03:25.408	L(-0,04,-0,69,0,17)	R(0,04,-0,22,0,18)
14:03:26.449	L(-0,04,-0,69,0,17)	R(0,06,-0,21,0,17)
14:03:27.496	L(-0,04,-0,69,0,17)	R(0,06,-0,22,0,18)
14:03:28.554	L(-0,04,-0,69,0,17)	R(0,06,-0,22,0,19)
14:03:29.611	L(-0,04,-0,69,0,17)	R(0,06,-0,21,0,21)
14:03:30.646	L(-0,04,-0,69,0,17)	R(0,06,-0,22,0,21)
14:03:31.701	L(-0,04,-0,69,0,18)	R(0,07,-0,22,0,21)
14:03:32.758	L(-0,04,-0,69,0,17)	R(0,07,-0,22,0,21)
14:03:33.830	L(-0,04,-0,69,0,17)	R(0,07,-0,22,0,19)
14:03:34.865	L(-0,04,-0,69,0,17)	R(0,07,-0,22,0,19)
14:03:35.919	L(-0,04,-0,69,0,17)	R(0,07,-0,22,0,20)
14:03:36.977	L(-0,04,-0,69,0,17)	R(0,07,-0,22,0,19)
14:03:38.026	L(-0,04,-0,69,0,17)	R(0,07,-0,22,0,19)
14:03:39.069	L(-0,04,-0,69,0,17)	R(0,08,-0,21,0,17)
14:03:40.149	L(-0,04,-0,69,0,17)	R(0,08,-0,21,0,17)
14:03:41.186	L(-0,04,-0,69,0,17)	R(0,10,-0,22,0,17)
14:03:42.266	L(-0,04,-0,69,0,17)	R(0,09,-0,21,0,18)
14:03:43.302	L(-0,04,-0,69,0,17)	R(0,09,-0,22,0,18)
14:03:44.370	L(-0,04,-0,69,0,17)	R(0,11,-0,23,0,18)
14:03:45.419	L(-0,04,-0,69,0,17)	R(0,10,-0,22,0,19)
14:03:46.448	L(-0,04,-0,69,0,17)	R(0,10,-0,22,0,19)
14:03:47.502	L(-0,04,-0,69,0,17)	R(0,09,-0,23,0,21)
14:03:48.550	L(-0,04,-0,69,0,17)	R(0,11,-0,23,0,21)
14:03:49.618	L(-0,04,-0,69,0,18)	R(0,11,-0,23,0,21)
14:03:50.676	L(-0,04,-0,69,0,18)	R(0,11,-0,23,0,19)
14:03:51.710	L(-0,04,-0,69,0,18)	R(0,12,-0,23,0,19)
14:03:52.778	L(-0,04,-0,69,0,17)	R(0,12,-0,23,0,18)
14:03:53.827	L(-0,04,-0,69,0,17)	R(0,12,-0,22,0,17)
14:03:54.886	L(-0,04,-0,69,0,17)	R(0,11,-0,23,0,16)
14:03:55.953	L(-0,04,-0,69,0,18)	R(0,12,-0,23,0,15)
14:03:57.023	L(-0,04,-0,69,0,18)	R(0,12,-0,22,0,16)
14:03:58.061	L(-0,04,-0,69,0,18)	R(0,14,-0,22,0,20)
14:03:59.119	L(-0,04,-0,69,0,18)	R(0,14,-0,23,0,20)
14:04:00.186	L(-0,04,-0,69,0,18)	R(0,13,-0,23,0,20)
14:04:01.247	L(-0,04,-0,69,0,18)	R(0,13,-0,23,0,18)
14:04:02.292	L(-0,04,-0,69,0,18)	R(0,13,-0,23,0,18)
14:04:03.350	L(-0,04,-0,69,0,18)	R(0,14,-0,23,0,18)
14:04:04.382	L(-0,04,-0,69,0,18)	R(0,14,-0,23,0,17)
14:04:05.426	L(-0,04,-0,69,0,18)	R(0,14,-0,23,0,17)
14:04:06.484	L(-0,04,-0,69,0,18)	R(0,15,-0,23,0,16)
14:04:07.543	L(-0,04,-0,69,0,18)	R(0,15,-0,23,0,15)
14:04:08.599	L(-0,04,-0,69,0,17)	R(0,15,-0,23,0,14)
14:04:09.644	L(-0,04,-0,69,0,17)	R(0,13,-0,23,0,14)
14:04:10.674	L(-0,04,-0,69,0,17)	R(0,15,-0,23,0,14)
14:04:11.741	L(-0,04,-0,69,0,18)	R(0,16,-0,24,0,14)
14:04:12.804	L(-0,04,-0,69,0,18)	R(0,16,-0,23,0,16)
14:04:13.848	L(-0,04,-0,69,0,17)	R(0,15,-0,23,0,16)
14:04:14.901	L(-0,04,-0,69,0,18)	R(0,15,-0,22,0,17)
14:04:15.950	L(-0,04,-0,69,0,18)	R(0,15,-0,23,0,18)
14:04:16.994	L(-0,04,-0,69,0,18)	R(0,15,-0,22,0,18)
14:04:18.037	L(-0,04,-0,69,0,18)	R(0,15,-0,23,0,20)
14:04:19.085	L(-0,04,-0,69,0,18)	R(0,16,-0,23,0,19)
14:04:20.143	L(-0,04,-0,69,0,18)	R(0,16,-0,23,0,19)
14:04:21.200	L(-0,04,-0,69,0,18)	R(0,16,-0,23,0,18)
14:04:22.266	L(-0,04,-0,69,0,18)	R(0,16,-0,23,0,17)
14:04:23.316	L(-0,04,-0,69,0,18)	R(0,16,-0,22,0,15)
14:04:24.362	L(-0,04,-0,69,0,18)	R(0,16,-0,23,0,15)
14:04:25.428	L(-0,04,-0,69,0,18)	R(0,16,-0,23,0,12)
14:04:26.498	L(-0,04,-0,69,0,18)	R(0,16,-0,23,0,13)
14:04:27.546	L(-0,04,-0,69,0,18)	R(0,31,-0,22,0,17)
14:04:28.592	L(-0,04,-0,69,0,18)	R(0,33,-0,24,0,15)
14:04:29.632	L(-0,04,-0,68,0,16)	R(0,28,-0,12,0,14)
14:04:30.703	L(-0,04,-0,68,0,16)	R(0,28,-0,13,0,17)
14:04:31.753	L(-0,04,-0,68,0,16)	R(0,26,-0,13,0,16)
14:04:32.810	L(-0,04,-0,68,0,16)	R(0,24,-0,14,0,14)
14:04:33.862	L(-0,04,-0,68,0,16)	R(0,23,-0,15,0,14)
14:04:34.888	L(-0,04,-0,68,0,16)	R(0,22,-0,16,0,14)
14:04:35.917	L(-0,04,-0,68,0,16)	R(0,22,-0,16,0,14)
14:04:36.976	L(-0,04,-0,68,0,16)	R(0,22,-0,16,0,14)
