17:49:45.426	L(0,23,-0,51,0,01)	R(0,36,-0,48,0,06)
17:49:46.424	L(0,21,-0,50,0,01)	R(0,37,-0,48,0,08)
17:49:47.425	L(0,22,-0,49,0,01)	R(0,39,-0,46,0,09)
17:49:48.481	L(0,22,-0,48,0,01)	R(0,39,-0,45,0,09)
17:49:49.536	L(0,21,-0,49,0,01)	R(0,39,-0,46,0,09)
17:49:50.595	L(0,22,-0,49,0,01)	R(0,39,-0,46,0,09)
17:49:51.650	L(0,23,-0,50,0,01)	R(0,40,-0,16,0,44)
17:49:52.704	L(0,24,-0,51,0,00)	R(0,40,-0,27,0,42)
17:49:53.774	L(0,24,-0,51,0,00)	R(0,40,-0,29,0,40)
17:49:54.830	L(0,24,-0,51,-0,01)	R(0,41,-0,30,0,40)
17:49:55.885	L(0,24,-0,51,0,00)	R(0,56,-0,24,0,36)
17:49:56.940	L(0,25,-0,51,0,00)	R(0,67,-0,26,0,28)
17:49:57.940	L(0,25,-0,52,0,00)	R(0,66,-0,27,0,28)
17:49:59.010	L(0,25,-0,52,0,01)	R(0,39,-0,29,0,42)
17:50:00.065	L(0,26,-0,53,0,00)	R(0,67,-0,26,0,24)
17:50:01.121	L(0,26,-0,52,0,00)	R(0,66,-0,28,0,26)
17:50:02.121	L(0,25,-0,52,0,01)	R(0,38,-0,27,0,43)
17:50:03.176	L(0,26,-0,53,0,00)	R(0,67,-0,22,0,19)
17:50:04.245	L(0,26,-0,53,0,00)	R(0,66,-0,28,0,24)
17:50:05.245	L(0,26,-0,52,0,00)	R(0,61,-0,29,0,21)
17:50:06.301	L(0,26,-0,52,0,00)	R(0,52,-0,29,0,18)
17:50:07.369	L(0,26,-0,53,0,00)	R(0,66,-0,25,0,20)
17:50:08.426	L(0,26,-0,52,0,00)	R(0,66,-0,29,0,20)
17:50:09.459	L(0,27,-0,52,0,00)	R(1,00,-0,15,0,08)
17:50:10.469	L(0,27,-0,53,0,00)	R(0,94,-0,18,0,07)
17:50:11.483	L(0,29,-0,52,0,01)	R(0,74,-0,16,0,10)
17:50:12.495	L(0,26,-0,51,0,01)	R(0,35,-0,19,0,43)
17:50:13.550	L(0,23,-0,33,0,08)	R(0,38,-0,22,0,44)
17:50:14.605	L(0,23,-0,31,0,38)	R(0,38,-0,33,0,03)
17:50:15.605	L(0,46,-0,28,0,32)	R(0,34,-0,42,-0,01)
17:50:16.675	L(0,35,-0,25,0,38)	R(0,35,-0,42,-0,01)
17:50:17.731	L(0,27,-0,25,0,35)	R(0,35,-0,43,-0,01)
17:50:18.800	L(0,47,-0,27,0,31)	R(0,35,-0,43,-0,01)
17:50:19.801	L(0,25,-0,26,0,44)	R(0,36,-0,43,-0,01)
17:50:20.855	L(0,38,-0,24,0,30)	R(0,34,-0,43,-0,01)
17:50:21.856	L(0,47,-0,28,0,29)	R(0,35,-0,43,-0,01)
17:50:22.925	L(0,21,-0,31,0,39)	R(0,35,-0,43,-0,01)
17:50:23.994	L(0,42,-0,26,0,28)	R(0,34,-0,43,-0,02)
17:50:25.051	L(0,48,-0,28,0,28)	R(0,36,-0,43,-0,01)
17:50:26.119	L(0,18,-0,27,0,24)	R(0,39,-0,23,0,21)
17:50:27.119	L(0,25,-0,46,0,01)	R(0,41,-0,29,0,31)
17:50:28.175	L(0,30,-0,47,0,02)	R(0,61,-0,25,0,28)
17:50:29.175	L(0,29,-0,48,0,02)	R(0,45,-0,16,0,39)
17:50:30.229	L(0,28,-0,49,0,01)	R(0,55,-0,16,0,30)
17:50:31.230	L(0,29,-0,49,0,01)	R(0,62,-0,26,0,26)
17:50:32.299	L(0,26,-0,49,0,00)	R(0,53,-0,12,0,32)
17:50:33.299	L(0,26,-0,48,0,01)	R(0,42,-0,23,0,38)
17:50:34.368	L(0,29,-0,49,0,00)	R(0,62,-0,23,0,25)
17:50:35.438	L(0,29,-0,49,0,00)	R(0,62,-0,26,0,26)
17:50:36.494	L(0,27,-0,49,0,00)	R(0,37,-0,25,0,45)
17:50:37.563	L(0,29,-0,50,0,00)	R(0,62,-0,22,0,20)
17:50:38.632	L(0,29,-0,50,0,00)	R(0,61,-0,28,0,21)
17:50:39.689	L(0,23,-0,25,0,43)	R(0,41,-0,43,0,07)
17:50:40.743	L(0,40,-0,27,0,32)	R(0,35,-0,49,0,04)
17:50:41.812	L(0,43,-0,28,0,33)	R(0,34,-0,47,0,04)
17:50:42.812	L(0,21,-0,32,0,38)	R(0,34,-0,49,0,03)
17:50:43.868	L(0,42,-0,28,0,31)	R(0,33,-0,48,0,02)
17:50:44.939	L(0,25,-0,25,0,45)	R(0,34,-0,48,0,03)
17:50:46.006	L(0,37,-0,26,0,31)	R(0,35,-0,48,0,04)
17:50:47.076	L(0,42,-0,28,0,30)	R(0,37,-0,48,0,05)
17:50:48.076	L(0,21,-0,30,0,38)	R(0,37,-0,49,0,04)
17:50:49.076	L(0,41,-0,27,0,28)	R(0,37,-0,49,0,04)
17:50:50.127	L(0,40,-0,28,0,28)	R(0,38,-0,48,0,04)
17:50:51.155	L(0,29,-0,48,0,01)	R(0,36,-0,26,0,46)
17:50:52.183	L(0,28,-0,50,0,03)	R(0,58,-0,22,0,31)
17:50:53.211	L(0,28,-0,50,0,01)	R(0,59,-0,26,0,30)
17:50:54.238	L(0,28,-0,50,0,01)	R(0,72,-0,18,0,20)
17:50:55.273	L(0,30,-0,50,0,03)	R(1,07,-0,17,0,04)
17:50:56.301	L(0,28,-0,50,0,03)	R(0,37,-0,19,0,48)
17:50:57.336	L(0,29,-0,50,0,01)	R(0,56,-0,20,0,29)
17:50:58.363	L(0,28,-0,50,0,01)	R(0,58,-0,23,0,27)
17:50:59.391	L(0,26,-0,51,0,01)	R(0,44,-0,21,0,35)
17:51:00.419	L(0,28,-0,52,0,00)	R(0,59,-0,26,0,25)
17:51:01.447	L(0,28,-0,51,0,00)	R(0,58,-0,26,0,24)
17:51:02.475	L(0,26,-0,51,0,01)	R(0,42,-0,23,0,38)
17:51:03.502	L(0,28,-0,51,0,00)	R(0,58,-0,26,0,23)
17:51:04.530	L(0,24,-0,27,0,42)	R(0,45,-0,41,0,10)
17:51:05.558	L(0,38,-0,27,0,31)	R(0,43,-0,45,0,08)
17:51:06.585	L(0,39,-0,26,0,27)	R(0,44,-0,45,0,08)
17:51:07.612	L(0,39,-0,29,0,33)	R(0,40,-0,47,0,08)
17:51:08.641	L(0,26,-0,23,0,42)	R(0,37,-0,46,0,11)
17:51:09.668	L(0,37,-0,27,0,31)	R(0,45,-0,46,0,12)
17:51:10.697	L(0,22,-0,26,0,44)	R(0,44,-0,47,0,12)
17:51:11.723	L(0,37,-0,27,0,28)	R(0,43,-0,46,0,09)
17:51:12.751	L(0,31,-0,27,0,32)	R(0,42,-0,46,0,10)
17:51:13.779	L(0,35,-0,30,0,27)	R(0,45,-0,41,0,14)
17:51:14.807	L(0,36,-0,30,0,28)	R(0,45,-0,44,0,13)
17:51:15.835	L(0,37,-0,29,0,26)	R(0,45,-0,44,0,13)
17:51:16.876	L(0,47,-0,31,0,21)	R(0,55,-0,41,0,13)
17:51:17.917	L(0,39,-0,41,0,12)	R(0,49,-0,34,0,14)
17:51:18.945	L(0,30,-0,43,0,10)	R(0,43,-0,29,0,22)
17:51:19.973	L(0,31,-0,43,0,10)	R(0,45,-0,29,0,21)
17:51:21.000	L(0,33,-0,43,0,10)	R(0,55,-0,25,0,22)
17:51:22.029	L(0,35,-0,43,0,10)	R(0,48,-0,24,0,22)
17:51:23.056	L(0,36,-0,43,0,11)	R(0,49,-0,27,0,24)
17:51:24.083	L(0,35,-0,26,0,19)	R(0,48,-0,33,0,15)
17:51:25.111	L(0,38,-0,29,0,25)	R(0,46,-0,35,0,15)
17:51:26.140	L(0,38,-0,29,0,26)	R(0,47,-0,36,0,15)
17:51:27.166	L(0,39,-0,26,0,28)	R(0,47,-0,36,0,15)
17:51:28.195	L(0,45,-0,23,0,25)	R(0,52,-0,36,0,14)
17:51:29.222	L(0,46,-0,24,0,26)	R(0,53,-0,36,0,13)
17:51:30.249	L(0,26,-0,32,0,16)	R(0,50,-0,21,0,18)
17:51:31.277	L(0,28,-0,37,0,13)	R(0,48,-0,13,0,30)
17:51:32.305	L(0,29,-0,38,0,13)	R(0,49,-0,14,0,30)
17:51:33.332	L(0,30,-0,38,0,12)	R(0,57,-0,20,0,28)
17:51:34.361	L(0,30,-0,38,0,12)	R(0,56,-0,25,0,28)
17:51:35.388	L(0,27,-0,31,0,15)	R(0,43,-0,30,0,18)
17:51:36.417	L(0,23,-0,31,0,37)	R(0,40,-0,36,0,11)
17:51:37.444	L(0,35,-0,26,0,28)	R(0,41,-0,38,0,10)
17:51:38.471	L(0,40,-0,26,0,23)	R(0,47,-0,37,0,10)
17:51:39.499	L(0,38,-0,27,0,28)	R(0,47,-0,38,0,10)
17:51:40.527	L(0,21,-0,26,0,44)	R(0,45,-0,39,0,11)
17:51:41.555	L(0,34,-0,25,0,28)	R(0,44,-0,40,0,10)
17:51:42.583	L(0,37,-0,26,0,28)	R(0,45,-0,40,0,10)
17:51:43.611	L(0,21,-0,36,0,11)	R(0,33,-0,18,0,49)
17:51:44.638	L(0,25,-0,37,0,12)	R(0,48,-0,13,0,31)
17:51:45.666	L(0,28,-0,37,0,12)	R(0,53,-0,25,0,26)
17:51:46.693	L(0,28,-0,37,0,11)	R(0,53,-0,25,0,26)
17:51:47.721	L(0,28,-0,37,0,11)	R(0,52,-0,24,0,25)
17:51:48.749	L(0,28,-0,37,0,12)	R(0,52,-0,25,0,23)
17:51:49.777	L(0,28,-0,37,0,13)	R(0,53,-0,25,0,23)
17:51:50.804	L(0,28,-0,35,0,13)	R(0,55,-0,26,0,22)
17:51:51.832	L(0,33,-0,28,0,29)	R(0,48,-0,37,0,13)
17:51:52.860	L(0,34,-0,28,0,29)	R(0,48,-0,37,0,13)
17:51:53.901	L(0,25,-0,24,0,23)	R(0,46,-0,32,0,22)
17:51:54.929	L(0,39,-0,23,0,23)	R(0,50,-0,34,0,19)
17:51:55.973	L(0,46,-0,25,0,23)	R(0,55,-0,35,0,14)
17:51:56.998	L(0,38,-0,29,0,24)	R(0,53,-0,37,0,14)
17:51:58.026	L(0,40,-0,28,0,25)	R(0,53,-0,36,0,14)
17:51:59.053	L(0,45,-0,25,0,21)	R(0,54,-0,36,0,13)
17:52:00.081	L(0,32,-0,30,0,15)	R(0,49,-0,33,0,17)
17:52:01.109	L(0,28,-0,33,0,18)	R(0,45,-0,32,0,21)
17:52:02.137	L(0,27,-0,33,0,16)	R(0,38,-0,32,0,24)
17:52:03.164	L(0,26,-0,32,0,17)	R(0,38,-0,34,0,18)
17:52:04.192	L(0,26,-0,32,0,17)	R(0,41,-0,28,0,22)
17:52:05.220	L(0,26,-0,32,0,18)	R(0,52,-0,25,0,25)
17:52:06.247	L(0,28,-0,26,0,33)	R(0,49,-0,32,0,15)
17:52:07.289	L(0,31,-0,26,0,37)	R(0,47,-0,40,0,10)
17:52:08.330	L(0,35,-0,25,0,35)	R(0,47,-0,40,0,10)
17:52:09.372	L(0,34,-0,26,0,38)	R(0,47,-0,41,0,10)
17:52:10.414	L(0,38,-0,26,0,37)	R(0,47,-0,41,0,11)
17:52:11.456	L(0,38,-0,26,0,37)	R(0,48,-0,41,0,10)
17:52:12.483	L(0,36,-0,26,0,36)	R(0,47,-0,41,0,10)
17:52:13.524	L(0,37,-0,26,0,38)	R(0,48,-0,41,0,10)
17:52:14.552	L(0,37,-0,26,0,37)	R(0,47,-0,41,0,10)
17:52:15.581	L(0,36,-0,26,0,36)	R(0,47,-0,42,0,10)
17:52:16.621	L(0,35,-0,26,0,37)	R(0,48,-0,42,0,11)
17:52:17.664	L(0,37,-0,25,0,38)	R(0,47,-0,41,0,11)
17:52:18.691	L(0,21,-0,27,0,29)	R(0,59,-0,35,0,20)
17:52:19.719	L(0,23,-0,37,0,13)	R(0,62,-0,30,0,21)
17:52:20.748	L(0,24,-0,38,0,12)	R(0,63,-0,28,0,22)
17:52:21.775	L(0,21,-0,40,0,12)	R(0,42,-0,33,0,23)
17:52:22.802	L(0,22,-0,40,0,13)	R(0,50,-0,30,0,21)
17:52:23.830	L(0,25,-0,40,0,12)	R(0,46,-0,27,0,20)
17:52:24.858	L(0,25,-0,38,0,11)	R(0,45,-0,28,0,21)
17:52:25.885	L(0,30,-0,36,0,26)	R(0,45,-0,38,0,13)
17:52:26.913	L(0,31,-0,38,0,26)	R(0,45,-0,39,0,13)
17:52:27.941	L(0,35,-0,30,0,27)	R(0,45,-0,40,0,12)
17:52:28.969	L(0,35,-0,29,0,24)	R(0,46,-0,40,0,12)
17:52:29.997	L(0,30,-0,26,0,28)	R(0,48,-0,38,0,12)
17:52:31.024	L(0,19,-0,40,0,14)	R(0,40,-0,42,0,23)
17:52:32.053	L(0,22,-0,39,0,15)	R(0,50,-0,32,0,17)
17:52:33.092	L(0,18,-0,31,0,18)	R(0,50,-0,23,0,30)
17:52:34.122	L(0,19,-0,32,0,18)	R(0,48,-0,25,0,26)
17:52:35.164	L(0,19,-0,33,0,17)	R(0,48,-0,29,0,21)
17:52:36.206	L(0,18,-0,35,0,15)	R(0,55,-0,28,0,26)
17:52:37.246	L(0,20,-0,36,0,16)	R(0,49,-0,34,0,20)
17:52:38.289	L(0,21,-0,36,0,14)	R(0,49,-0,34,0,19)
17:52:39.331	L(0,21,-0,35,0,15)	R(0,49,-0,34,0,18)
17:52:40.357	L(0,35,-0,27,0,34)	R(0,44,-0,41,0,10)
17:52:41.385	L(0,37,-0,28,0,35)	R(0,44,-0,41,0,10)
17:52:42.412	L(0,40,-0,27,0,35)	R(0,44,-0,41,0,10)
17:52:43.440	L(0,37,-0,27,0,35)	R(0,44,-0,41,0,10)
17:52:44.468	L(0,37,-0,28,0,35)	R(0,44,-0,41,0,10)
17:52:45.496	L(0,40,-0,27,0,37)	R(0,44,-0,42,0,10)
17:52:46.523	L(0,36,-0,27,0,35)	R(0,44,-0,42,0,10)
17:52:47.551	L(0,36,-0,28,0,35)	R(0,44,-0,42,0,10)
17:52:48.578	L(0,38,-0,28,0,37)	R(0,45,-0,42,0,10)
17:52:49.606	L(0,38,-0,27,0,36)	R(0,44,-0,42,0,10)
17:52:50.634	L(0,37,-0,28,0,35)	R(0,44,-0,42,0,10)
17:52:51.675	L(0,34,-0,28,0,35)	R(0,44,-0,42,0,10)
17:52:52.703	L(0,41,-0,27,0,36)	R(0,44,-0,42,0,09)
17:52:53.731	L(0,27,-0,40,0,15)	R(0,60,-0,13,0,21)
17:52:54.759	L(0,28,-0,49,0,10)	R(0,52,-0,15,0,31)
17:52:55.787	L(0,28,-0,50,0,10)	R(0,51,-0,15,0,32)
17:52:56.814	L(0,29,-0,50,0,10)	R(0,54,-0,15,0,31)
17:52:57.842	L(0,29,-0,49,0,11)	R(0,58,-0,19,0,29)
17:52:58.870	L(0,28,-0,48,0,11)	R(0,46,-0,26,0,28)
17:52:59.911	L(0,28,-0,39,0,13)	R(0,46,-0,30,0,24)
17:53:00.953	L(0,38,-0,31,0,31)	R(0,46,-0,39,0,13)
17:53:01.994	L(0,39,-0,30,0,34)	R(0,46,-0,41,0,13)
17:53:03.036	L(0,38,-0,29,0,31)	R(0,45,-0,42,0,13)
17:53:04.064	L(0,39,-0,28,0,33)	R(0,46,-0,43,0,13)
17:53:05.092	L(0,42,-0,29,0,34)	R(0,47,-0,43,0,13)
17:53:06.119	L(0,39,-0,29,0,33)	R(0,46,-0,43,0,13)
17:53:07.161	L(0,46,-0,29,0,33)	R(0,48,-0,43,0,13)
17:53:08.189	L(0,29,-0,43,0,12)	R(0,57,-0,22,0,23)
17:53:09.217	L(0,28,-0,46,0,11)	R(0,54,-0,16,0,30)
17:53:10.244	L(0,28,-0,46,0,11)	R(0,54,-0,17,0,30)
17:53:11.272	L(0,28,-0,46,0,11)	R(0,55,-0,15,0,30)
17:53:12.300	L(0,31,-0,45,0,11)	R(0,60,-0,25,0,27)
17:53:13.327	L(0,33,-0,45,0,11)	R(0,61,-0,27,0,28)
17:53:14.356	L(0,32,-0,29,0,26)	R(0,48,-0,39,0,13)
17:53:15.383	L(0,37,-0,29,0,32)	R(0,46,-0,41,0,11)
17:53:16.411	L(0,39,-0,29,0,33)	R(0,47,-0,41,0,10)
17:53:17.439	L(0,40,-0,30,0,32)	R(0,48,-0,41,0,10)
17:53:18.467	L(0,40,-0,23,0,34)	R(0,48,-0,41,0,11)
17:53:19.493	L(0,39,-0,30,0,30)	R(0,48,-0,41,0,11)
17:53:20.521	L(0,40,-0,31,0,30)	R(0,48,-0,42,0,11)
17:53:21.562	L(0,41,-0,30,0,31)	R(0,49,-0,42,0,11)
17:53:22.590	L(0,40,-0,29,0,32)	R(0,49,-0,42,0,12)
17:53:23.618	L(0,41,-0,28,0,32)	R(0,49,-0,42,0,12)
17:53:24.646	L(0,40,-0,29,0,32)	R(0,49,-0,42,0,13)
17:53:25.674	L(0,42,-0,29,0,32)	R(0,50,-0,43,0,12)
17:53:26.701	L(0,39,-0,29,0,31)	R(0,49,-0,43,0,12)
17:53:27.729	L(0,43,-0,28,0,25)	R(0,49,-0,43,0,12)
17:53:28.757	L(0,38,-0,29,0,23)	R(0,51,-0,41,0,13)
17:53:29.785	L(0,37,-0,31,0,23)	R(0,53,-0,38,0,15)
17:53:30.812	L(0,36,-0,31,0,24)	R(0,52,-0,36,0,17)
17:53:31.840	L(0,34,-0,37,0,21)	R(0,51,-0,34,0,20)
17:53:32.882	L(0,36,-0,37,0,22)	R(0,50,-0,27,0,19)
17:53:33.909	L(0,36,-0,36,0,21)	R(0,49,-0,29,0,19)
17:53:34.937	L(0,36,-0,36,0,20)	R(0,49,-0,31,0,19)
17:53:35.967	L(0,36,-0,35,0,19)	R(0,48,-0,30,0,19)
17:53:37.007	L(0,35,-0,34,0,17)	R(0,48,-0,31,0,19)
17:53:38.035	L(0,33,-0,36,0,16)	R(0,48,-0,35,0,20)
17:53:39.062	L(0,31,-0,30,0,18)	R(0,48,-0,36,0,18)
17:53:40.090	L(0,26,-0,31,0,21)	R(0,46,-0,32,0,18)
17:53:41.118	L(0,22,-0,35,0,19)	R(0,56,-0,18,0,22)
17:53:42.145	L(0,32,-0,34,0,18)	R(0,54,-0,27,0,25)
17:53:43.172	L(0,33,-0,32,0,18)	R(0,54,-0,28,0,26)
17:53:44.201	L(0,29,-0,31,0,30)	R(0,49,-0,36,0,15)
17:53:45.229	L(0,50,-0,27,0,27)	R(0,55,-0,38,0,13)
17:53:46.256	L(0,31,-0,32,0,30)	R(0,54,-0,39,0,14)
17:53:47.284	L(0,42,-0,24,0,25)	R(0,54,-0,39,0,13)
17:53:48.311	L(0,48,-0,29,0,23)	R(0,56,-0,39,0,13)
17:53:49.339	L(0,24,-0,32,0,34)	R(0,53,-0,40,0,13)
17:53:50.367	L(0,39,-0,25,0,23)	R(0,53,-0,39,0,12)
17:53:51.395	L(0,39,-0,27,0,31)	R(0,54,-0,40,0,13)
17:53:52.423	L(0,41,-0,30,0,30)	R(0,54,-0,40,0,13)
17:53:53.450	L(0,11,-0,30,0,31)	R(0,49,-0,41,0,15)
17:53:54.478	L(0,37,-0,24,0,28)	R(0,51,-0,41,0,13)
17:53:55.506	L(0,39,-0,28,0,28)	R(0,53,-0,41,0,13)
17:53:56.533	L(0,04,-0,31,0,53)	R(0,50,-0,41,0,13)
17:53:57.561	L(0,39,-0,29,0,26)	R(0,52,-0,41,0,13)
17:53:58.589	L(0,37,-0,30,0,24)	R(0,58,-0,36,0,16)
17:53:59.616	L(0,34,-0,31,0,21)	R(0,51,-0,34,0,20)
17:54:00.644	L(0,34,-0,32,0,21)	R(0,52,-0,33,0,20)
17:54:01.671	L(0,34,-0,32,0,22)	R(0,53,-0,33,0,20)
17:54:02.700	L(0,35,-0,31,0,22)	R(0,60,-0,29,0,20)
17:54:03.727	L(0,34,-0,32,0,21)	R(0,54,-0,29,0,20)
17:54:04.755	L(0,35,-0,32,0,21)	R(0,51,-0,33,0,19)
17:54:05.783	L(0,34,-0,32,0,21)	R(0,51,-0,31,0,19)
17:54:06.810	L(0,34,-0,32,0,21)	R(0,49,-0,33,0,21)
17:54:07.838	L(0,35,-0,32,0,21)	R(0,53,-0,29,0,23)
17:54:08.866	L(0,37,-0,32,0,22)	R(0,58,-0,30,0,22)
17:54:09.894	L(0,40,-0,30,0,23)	R(0,53,-0,36,0,17)
17:54:10.921	L(0,32,-0,30,0,21)	R(0,50,-0,33,0,21)
17:54:11.949	L(0,34,-0,31,0,23)	R(0,53,-0,29,0,18)
17:54:12.977	L(0,36,-0,31,0,28)	R(0,50,-0,36,0,15)
17:54:14.004	L(0,37,-0,25,0,32)	R(0,49,-0,33,0,17)
17:54:15.032	L(0,37,-0,27,0,28)	R(0,49,-0,34,0,16)
17:54:16.061	L(0,38,-0,30,0,26)	R(0,48,-0,32,0,17)
17:54:17.088	L(0,39,-0,29,0,29)	R(0,49,-0,36,0,16)
17:54:18.116	L(0,38,-0,31,0,24)	R(0,50,-0,35,0,16)
17:54:19.144	L(0,38,-0,30,0,27)	R(0,50,-0,35,0,15)
17:54:20.170	L(0,46,-0,26,0,23)	R(0,55,-0,33,0,15)
17:54:21.198	L(0,39,-0,32,0,19)	R(0,53,-0,34,0,15)
17:54:22.226	L(0,29,-0,31,0,19)	R(0,44,-0,33,0,18)
17:54:23.253	L(0,31,-0,32,0,20)	R(0,58,-0,25,0,27)
17:54:24.282	L(0,33,-0,31,0,21)	R(0,47,-0,27,0,25)
17:54:25.309	L(0,30,-0,29,0,20)	R(0,45,-0,28,0,27)
17:54:26.337	L(0,30,-0,29,0,21)	R(0,53,-0,24,0,16)
17:54:27.365	L(0,31,-0,20,0,26)	R(0,51,-0,29,0,14)
17:54:28.393	L(0,26,-0,18,0,30)	R(0,57,-0,27,0,18)
17:54:29.420	L(0,37,-0,30,0,31)	R(0,54,-0,33,0,14)
17:54:30.448	L(0,41,-0,29,0,32)	R(0,55,-0,33,0,13)
17:54:31.476	L(0,37,-0,29,0,32)	R(0,53,-0,34,0,15)
17:54:32.504	L(0,37,-0,29,0,31)	R(0,51,-0,34,0,14)
17:54:33.531	L(0,41,-0,28,0,33)	R(0,52,-0,35,0,13)
17:54:34.559	L(0,41,-0,28,0,31)	R(0,52,-0,35,0,13)
17:54:35.587	L(0,36,-0,29,0,32)	R(0,50,-0,35,0,13)
17:54:36.614	L(0,37,-0,30,0,32)	R(0,52,-0,35,0,14)
17:54:37.642	L(0,35,-0,29,0,32)	R(0,51,-0,35,0,14)
17:54:38.669	L(0,32,-0,34,0,21)	R(0,52,-0,36,0,15)
17:54:39.697	L(0,33,-0,37,0,15)	R(0,47,-0,34,0,16)
17:54:40.726	L(0,35,-0,37,0,15)	R(0,47,-0,35,0,14)
17:54:41.734	L(0,35,-0,37,0,15)	R(0,47,-0,35,0,14)
17:54:42.776	L(0,35,-0,37,0,15)	R(0,47,-0,35,0,14)
