13:23:06.457	L(-0,10,-0,46,0,30)	R(0,07,-0,36,0,20)
13:23:07.509	L(-0,08,-0,46,0,30)	R(-0,07,-0,31,0,18)
13:23:08.523	L(-0,08,-0,48,0,30)	R(-0,05,-0,28,0,23)
13:23:09.539	L(-0,08,-0,48,0,31)	R(-0,09,-0,28,0,28)
13:23:10.555	L(-0,08,-0,47,0,29)	R(-0,06,-0,26,0,23)
13:23:11.571	L(-0,08,-0,48,0,30)	R(-0,04,-0,28,0,21)
13:23:12.589	L(-0,08,-0,51,0,31)	R(-0,10,-0,30,0,25)
13:23:13.604	L(-0,07,-0,49,0,30)	R(-0,04,-0,29,0,18)
13:23:14.621	L(-0,07,-0,48,0,29)	R(-0,03,-0,29,0,19)
13:23:15.637	L(-0,08,-0,48,0,29)	R(-0,14,-0,28,0,41)
13:23:16.654	L(-0,08,-0,49,0,30)	R(-0,03,-0,30,0,15)
13:23:17.670	L(-0,08,-0,49,0,30)	R(-0,04,-0,30,0,17)
13:23:18.688	L(-0,08,-0,48,0,29)	R(-0,14,-0,27,0,43)
13:23:19.704	L(-0,07,-0,48,0,28)	R(0,06,-0,25,0,31)
13:23:20.720	L(-0,08,-0,49,0,29)	R(0,05,-0,26,0,29)
13:23:21.737	L(-0,07,-0,48,0,28)	R(-0,04,-0,22,0,34)
13:23:22.753	L(-0,07,-0,48,0,28)	R(0,05,-0,25,0,26)
13:23:23.770	L(-0,07,-0,49,0,28)	R(0,05,-0,27,0,27)
13:23:24.787	L(-0,07,-0,48,0,29)	R(-0,11,-0,26,0,41)
13:23:25.801	L(-0,07,-0,49,0,29)	R(0,06,-0,26,0,25)
13:23:26.819	L(-0,08,-0,49,0,29)	R(0,05,-0,26,0,24)
13:23:27.836	L(-0,10,-0,52,0,27)	R(-0,09,-0,25,0,35)
13:23:28.852	L(-0,10,-0,53,0,26)	R(0,05,-0,26,0,23)
13:23:29.868	L(-0,09,-0,54,0,26)	R(-0,12,-0,26,0,45)
13:23:30.884	L(-0,09,-0,54,0,26)	R(0,02,-0,24,0,24)
13:23:31.901	L(-0,10,-0,54,0,26)	R(0,01,-0,28,0,23)
13:23:32.917	L(-0,09,-0,54,0,26)	R(-0,14,-0,29,0,38)
13:23:33.934	L(-0,09,-0,55,0,26)	R(0,01,-0,27,0,18)
13:23:34.950	L(-0,09,-0,55,0,26)	R(0,00,-0,29,0,21)
13:23:35.967	L(-0,09,-0,55,0,26)	R(-0,08,-0,28,0,22)
13:23:36.983	L(-0,09,-0,53,0,25)	R(-0,03,-0,24,0,24)
13:23:37.999	L(-0,09,-0,54,0,25)	R(0,02,-0,27,0,22)
13:23:39.016	L(-0,09,-0,55,0,25)	R(-0,01,-0,28,0,20)
13:23:40.032	L(-0,09,-0,54,0,25)	R(-0,07,-0,24,0,29)
13:23:41.048	L(-0,09,-0,55,0,25)	R(0,01,-0,29,0,17)
13:23:42.065	L(-0,09,-0,54,0,25)	R(-0,14,-0,29,0,38)
13:23:43.081	L(-0,08,-0,55,0,22)	R(0,10,-0,26,0,28)
13:23:44.097	L(-0,08,-0,55,0,23)	R(0,09,-0,27,0,28)
13:23:45.113	L(-0,08,-0,55,0,23)	R(-0,12,-0,28,0,37)
13:23:46.131	L(-0,08,-0,55,0,23)	R(0,08,-0,26,0,25)
13:23:47.147	L(-0,08,-0,55,0,23)	R(0,09,-0,27,0,25)
13:23:48.163	L(-0,09,-0,55,0,24)	R(-0,16,-0,28,0,43)
13:23:49.179	L(-0,09,-0,55,0,24)	R(0,09,-0,25,0,23)
13:23:50.197	L(-0,09,-0,55,0,24)	R(0,09,-0,27,0,23)
13:23:51.212	L(-0,09,-0,55,0,24)	R(-0,13,-0,27,0,39)
13:23:52.228	L(-0,08,-0,55,0,24)	R(0,05,-0,21,0,23)
13:23:53.246	L(-0,08,-0,56,0,24)	R(0,09,-0,26,0,21)
13:23:54.263	L(-0,08,-0,56,0,24)	R(0,09,-0,27,0,21)
13:23:55.278	L(-0,09,-0,56,0,24)	R(-0,11,-0,29,0,39)
13:23:56.291	L(-0,08,-0,56,0,24)	R(0,05,-0,28,0,23)
13:23:57.325	L(-0,08,-0,56,0,24)	R(-0,02,-0,28,0,22)
13:23:58.355	L(-0,09,-0,55,0,24)	R(0,01,-0,23,0,22)
13:23:59.371	L(-0,09,-0,56,0,24)	R(0,04,-0,28,0,21)
13:24:00.388	L(-0,09,-0,55,0,24)	R(-0,16,-0,27,0,42)
13:24:01.403	L(-0,09,-0,56,0,24)	R(0,06,-0,26,0,19)
13:24:02.434	L(-0,09,-0,56,0,24)	R(0,04,-0,29,0,19)
13:24:03.450	L(-0,09,-0,56,0,24)	R(-0,14,-0,30,0,39)
13:24:04.467	L(-0,09,-0,56,0,24)	R(0,05,-0,30,0,17)
13:24:05.497	L(-0,09,-0,56,0,24)	R(0,01,-0,30,0,15)
13:24:06.514	L(-0,08,-0,56,0,24)	R(-0,05,-0,25,0,32)
13:24:07.529	L(-0,09,-0,56,0,24)	R(0,12,-0,27,0,27)
13:24:08.546	L(-0,09,-0,56,0,24)	R(-0,13,-0,26,0,33)
13:24:09.577	L(-0,08,-0,56,0,24)	R(0,12,-0,23,0,25)
13:24:10.592	L(-0,09,-0,56,0,24)	R(0,12,-0,27,0,24)
13:24:11.623	L(-0,09,-0,56,0,24)	R(-0,12,-0,28,0,42)
13:24:12.640	L(-0,08,-0,56,0,24)	R(0,13,-0,26,0,22)
13:24:13.670	L(-0,08,-0,56,0,24)	R(0,06,-0,31,0,19)
13:24:14.686	L(-0,09,-0,56,0,24)	R(-0,03,-0,23,0,28)
13:24:15.703	L(-0,08,-0,56,0,24)	R(0,12,-0,27,0,20)
13:24:16.733	L(-0,08,-0,57,0,24)	R(-0,14,-0,26,0,40)
13:24:17.750	L(-0,08,-0,56,0,24)	R(0,10,-0,25,0,23)
13:24:18.794	L(-0,08,-0,56,0,24)	R(0,08,-0,28,0,23)
13:24:19.824	L(-0,08,-0,56,0,24)	R(0,10,-0,31,0,24)
13:24:20.839	L(-0,08,-0,56,0,24)	R(0,09,-0,29,0,23)
13:24:21.870	L(-0,08,-0,56,0,24)	R(0,11,-0,27,0,26)
13:24:22.915	L(-0,08,-0,56,0,24)	R(0,12,-0,29,0,25)
13:24:23.931	L(-0,08,-0,56,0,24)	R(0,12,-0,27,0,24)
13:24:24.948	L(-0,08,-0,56,0,24)	R(0,07,-0,28,0,23)
13:24:25.980	L(-0,08,-0,56,0,24)	R(0,03,-0,29,0,20)
13:24:26.994	L(-0,08,-0,56,0,24)	R(-0,10,-0,28,0,30)
13:24:28.026	L(-0,08,-0,56,0,24)	R(0,08,-0,28,0,21)
13:24:29.053	L(-0,08,-0,57,0,24)	R(-0,11,-0,28,0,25)
13:24:30.086	L(-0,08,-0,56,0,24)	R(0,07,-0,23,0,18)
13:24:31.116	L(-0,08,-0,56,0,24)	R(0,08,-0,28,0,19)
13:24:32.130	L(-0,08,-0,56,0,24)	R(-0,16,-0,28,0,38)
13:24:33.163	L(-0,08,-0,56,0,24)	R(0,08,-0,26,0,16)
13:24:34.193	L(-0,08,-0,56,0,24)	R(0,04,-0,31,0,16)
13:24:35.222	L(-0,08,-0,56,0,24)	R(-0,04,-0,24,0,33)
13:24:36.253	L(-0,08,-0,56,0,24)	R(0,16,-0,26,0,26)
13:24:37.298	L(-0,08,-0,56,0,24)	R(-0,11,-0,26,0,27)
13:24:38.326	L(-0,08,-0,56,0,24)	R(0,09,-0,18,0,26)
13:24:39.357	L(-0,08,-0,56,0,24)	R(0,16,-0,27,0,24)
13:24:40.402	L(-0,08,-0,56,0,24)	R(-0,06,-0,26,0,21)
13:24:41.431	L(-0,08,-0,56,0,24)	R(0,07,-0,20,0,26)
13:24:42.463	L(-0,08,-0,56,0,24)	R(0,16,-0,27,0,22)
13:24:43.493	L(-0,08,-0,57,0,24)	R(-0,09,-0,27,0,26)
13:24:44.524	L(-0,08,-0,56,0,23)	R(0,10,-0,20,0,22)
13:24:45.554	L(-0,08,-0,56,0,23)	R(0,16,-0,27,0,19)
13:24:46.569	L(-0,08,-0,57,0,23)	R(-0,11,-0,25,0,38)
13:24:47.600	L(-0,08,-0,57,0,23)	R(0,11,-0,25,0,24)
13:24:48.633	L(-0,08,-0,57,0,23)	R(0,12,-0,28,0,23)
13:24:49.702	L(-0,08,-0,57,0,23)	R(-0,15,-0,27,0,40)
13:24:50.734	L(-0,08,-0,57,0,23)	R(0,13,-0,27,0,21)
13:24:51.767	L(-0,08,-0,57,0,23)	R(0,11,-0,28,0,21)
13:24:52.822	L(-0,08,-0,56,0,23)	R(-0,12,-0,29,0,36)
13:24:53.867	L(-0,08,-0,57,0,23)	R(0,12,-0,27,0,21)
13:24:54.912	L(-0,08,-0,57,0,23)	R(0,04,-0,28,0,19)
13:24:55.953	L(-0,08,-0,56,0,23)	R(-0,06,-0,26,0,27)
13:24:56.984	L(-0,08,-0,57,0,23)	R(0,11,-0,29,0,16)
13:24:58.030	L(-0,08,-0,57,0,23)	R(-0,13,-0,28,0,27)
13:24:59.100	L(-0,08,-0,57,0,23)	R(0,17,-0,22,0,29)
13:25:00.144	L(-0,08,-0,57,0,23)	R(0,20,-0,27,0,26)
13:25:01.173	L(-0,08,-0,57,0,23)	R(-0,10,-0,27,0,27)
13:25:02.220	L(-0,08,-0,57,0,23)	R(0,10,-0,20,0,25)
13:25:03.254	L(-0,08,-0,57,0,23)	R(0,19,-0,26,0,23)
13:25:04.293	L(-0,08,-0,61,0,25)	R(-0,05,-0,27,0,21)
13:25:05.338	L(-0,08,-0,56,0,23)	R(0,01,-0,20,0,27)
13:25:06.409	L(-0,08,-0,57,0,23)	R(0,20,-0,26,0,20)
13:25:07.472	L(-0,08,-0,57,0,23)	R(0,05,-0,29,0,15)
13:25:08.531	L(-0,08,-0,57,0,23)	R(-0,05,-0,25,0,30)
13:25:09.600	L(-0,08,-0,57,0,23)	R(0,18,-0,27,0,18)
13:25:10.655	L(-0,08,-0,57,0,23)	R(0,25,-0,23,0,09)
13:25:11.702	L(-0,08,-0,57,0,23)	R(0,60,-0,16,0,07)
13:25:12.705	L(-0,08,-0,57,0,23)	R(0,63,-0,25,0,05)
13:25:13.769	L(-0,07,-0,57,0,23)	R(0,02,-0,25,0,10)
13:25:14.819	L(-0,07,-0,58,0,23)	R(-0,17,-0,26,0,21)
13:25:15.853	L(-0,07,-0,57,0,23)	R(0,02,-0,29,0,17)
13:25:16.872	L(-0,07,-0,57,0,23)	R(0,03,-0,30,0,17)
13:25:17.941	L(-0,07,-0,57,0,23)	R(0,27,-0,16,0,02)
13:25:18.959	L(-0,07,-0,57,0,23)	R(0,61,-0,27,0,06)
13:25:19.996	L(-0,07,-0,57,0,23)	R(0,26,-0,32,0,18)
13:25:21.044	L(-0,07,-0,57,0,23)	R(0,01,-0,23,0,18)
13:25:22.086	L(-0,07,-0,58,0,23)	R(-0,04,-0,29,0,18)
13:25:23.131	L(-0,07,-0,58,0,23)	R(0,21,-0,24,0,27)
13:25:24.178	L(-0,07,-0,57,0,23)	R(0,10,-0,24,0,20)
13:25:25.222	L(-0,07,-0,57,0,23)	R(0,00,-0,29,0,18)
13:25:26.265	L(-0,07,-0,57,0,23)	R(0,00,-0,29,0,18)
13:25:27.300	L(-0,07,-0,57,0,23)	R(0,24,-0,33,0,27)
13:25:28.353	L(-0,07,-0,57,0,23)	R(0,05,-0,29,0,18)
13:25:29.412	L(-0,07,-0,57,0,23)	R(0,05,-0,29,0,18)
13:25:30.455	L(-0,07,-0,57,0,23)	R(0,25,-0,34,0,31)
13:25:31.514	L(-0,07,-0,57,0,23)	R(0,16,-0,25,0,22)
13:25:32.572	L(-0,07,-0,57,0,23)	R(0,08,-0,29,0,18)
13:25:33.616	L(-0,07,-0,57,0,23)	R(0,10,-0,27,0,19)
13:25:34.650	L(-0,07,-0,57,0,23)	R(0,22,-0,29,0,24)
13:25:35.697	L(-0,07,-0,57,0,23)	R(0,12,-0,29,0,18)
13:25:36.749	L(-0,07,-0,57,0,23)	R(0,12,-0,28,0,15)
13:25:37.797	L(-0,07,-0,57,0,23)	R(0,07,-0,34,0,08)
13:25:38.831	L(-0,07,-0,57,0,23)	R(0,13,-0,16,0,17)
13:25:39.886	L(-0,07,-0,57,0,23)	R(0,03,-0,21,0,20)
13:25:40.942	L(-0,07,-0,57,0,23)	R(0,04,-0,22,0,20)
13:25:41.972	L(-0,07,-0,57,0,23)	R(0,16,-0,20,0,17)
13:25:43.016	L(-0,07,-0,57,0,23)	R(0,23,-0,27,0,25)
13:25:44.073	L(-0,07,-0,57,0,23)	R(-0,01,-0,28,0,21)
13:25:45.144	L(-0,07,-0,57,0,23)	R(-0,02,-0,29,0,21)
13:25:46.180	L(-0,07,-0,57,0,23)	R(0,26,-0,32,0,34)
13:25:47.233	L(-0,07,-0,57,0,23)	R(0,03,-0,27,0,23)
13:25:48.291	L(-0,07,-0,57,0,23)	R(0,02,-0,29,0,22)
13:25:49.349	L(-0,07,-0,57,0,23)	R(0,14,-0,26,0,24)
13:25:50.422	L(-0,07,-0,57,0,23)	R(0,02,-0,28,0,22)
13:25:51.493	L(-0,07,-0,57,0,23)	R(0,03,-0,26,0,21)
13:25:52.528	L(-0,07,-0,57,0,23)	R(0,03,-0,28,0,22)
13:25:53.595	L(-0,07,-0,57,0,23)	R(0,15,-0,25,0,25)
13:25:54.641	L(-0,07,-0,57,0,23)	R(0,10,-0,26,0,22)
13:25:55.672	L(-0,07,-0,57,0,23)	R(0,05,-0,28,0,22)
13:25:56.703	L(-0,07,-0,57,0,23)	R(0,24,-0,28,0,32)
13:25:57.744	L(-0,07,-0,57,0,23)	R(0,11,-0,27,0,22)
13:25:58.817	L(-0,07,-0,58,0,23)	R(0,10,-0,28,0,22)
13:25:59.865	L(-0,07,-0,57,0,23)	R(0,14,-0,16,0,30)
13:26:00.897	L(-0,07,-0,57,0,23)	R(0,40,-0,24,0,08)
13:26:01.914	L(-0,07,-0,57,0,23)	R(0,53,-0,28,0,06)
13:26:02.943	L(-0,07,-0,57,0,23)	R(0,19,-0,17,0,37)
13:26:04.010	L(-0,07,-0,58,0,23)	R(0,08,-0,20,0,44)
13:26:05.056	L(-0,07,-0,57,0,23)	R(0,00,-0,22,0,22)
13:26:06.100	L(-0,07,-0,57,0,23)	R(0,00,-0,25,0,24)
13:26:07.145	L(-0,07,-0,57,0,23)	R(0,02,-0,24,0,24)
13:26:08.201	L(-0,07,-0,57,0,23)	R(0,01,-0,25,0,24)
13:26:09.235	L(-0,07,-0,57,0,23)	R(0,01,-0,24,0,24)
13:26:10.276	L(-0,07,-0,57,0,23)	R(0,02,-0,22,0,23)
13:26:11.321	L(-0,07,-0,57,0,23)	R(0,01,-0,24,0,23)
13:26:12.366	L(-0,07,-0,57,0,23)	R(0,02,-0,24,0,21)
13:26:13.410	L(-0,07,-0,57,0,23)	R(0,02,-0,23,0,20)
13:26:14.456	L(-0,07,-0,57,0,23)	R(0,03,-0,25,0,21)
13:26:15.501	L(-0,07,-0,57,0,23)	R(0,02,-0,24,0,19)
13:26:16.544	L(-0,07,-0,57,0,23)	R(0,02,-0,24,0,19)
13:26:17.589	L(-0,07,-0,57,0,23)	R(0,04,-0,25,0,19)
13:26:18.632	L(-0,07,-0,57,0,23)	R(0,05,-0,23,0,18)
13:26:19.703	L(-0,07,-0,57,0,23)	R(0,05,-0,24,0,19)
13:26:20.761	L(-0,07,-0,57,0,23)	R(0,05,-0,24,0,21)
13:26:21.806	L(-0,07,-0,57,0,23)	R(0,05,-0,23,0,22)
13:26:22.850	L(-0,07,-0,57,0,23)	R(0,05,-0,24,0,23)
13:26:23.908	L(-0,07,-0,58,0,23)	R(0,06,-0,24,0,25)
13:26:24.965	L(-0,07,-0,58,0,23)	R(0,06,-0,23,0,23)
13:26:26.025	L(-0,07,-0,58,0,23)	R(0,06,-0,24,0,23)
13:26:27.068	L(-0,07,-0,58,0,23)	R(0,06,-0,24,0,20)
13:26:28.127	L(-0,07,-0,58,0,23)	R(0,06,-0,24,0,20)
13:26:29.185	L(-0,07,-0,58,0,23)	R(0,07,-0,25,0,18)
13:26:30.257	L(-0,07,-0,58,0,23)	R(0,08,-0,24,0,18)
13:26:31.303	L(-0,07,-0,58,0,23)	R(0,08,-0,24,0,19)
13:26:32.336	L(-0,07,-0,58,0,23)	R(0,08,-0,25,0,20)
13:26:33.392	L(-0,07,-0,58,0,23)	R(0,07,-0,23,0,22)
13:26:34.448	L(-0,07,-0,58,0,23)	R(0,07,-0,24,0,22)
13:26:35.480	L(-0,07,-0,58,0,23)	R(0,07,-0,24,0,25)
13:26:36.524	L(-0,07,-0,58,0,23)	R(0,09,-0,24,0,25)
13:26:37.568	L(-0,07,-0,58,0,23)	R(0,09,-0,22,0,23)
13:26:38.616	L(-0,07,-0,58,0,23)	R(0,10,-0,23,0,22)
13:26:39.695	L(-0,07,-0,58,0,23)	R(0,10,-0,23,0,21)
13:26:40.742	L(-0,07,-0,58,0,23)	R(0,10,-0,22,0,20)
13:26:41.790	L(-0,07,-0,58,0,23)	R(0,10,-0,23,0,19)
13:26:42.844	L(-0,07,-0,58,0,23)	R(0,11,-0,22,0,25)
13:26:43.888	L(-0,07,-0,58,0,23)	R(0,11,-0,23,0,25)
13:26:44.936	L(-0,07,-0,58,0,23)	R(0,12,-0,23,0,25)
13:26:45.978	L(-0,07,-0,58,0,23)	R(0,11,-0,22,0,23)
13:26:47.026	L(-0,07,-0,58,0,23)	R(0,11,-0,23,0,23)
13:26:48.069	L(-0,07,-0,58,0,23)	R(0,13,-0,23,0,23)
13:26:49.137	L(-0,07,-0,58,0,23)	R(0,12,-0,22,0,22)
13:26:50.200	L(-0,07,-0,58,0,23)	R(0,11,-0,23,0,21)
13:26:51.239	L(-0,07,-0,58,0,23)	R(0,12,-0,23,0,21)
13:26:52.274	L(-0,07,-0,58,0,22)	R(0,12,-0,22,0,20)
13:26:53.340	L(-0,07,-0,58,0,22)	R(0,11,-0,23,0,19)
13:26:54.377	L(-0,07,-0,58,0,23)	R(0,12,-0,23,0,19)
13:26:55.443	L(-0,07,-0,58,0,23)	R(0,13,-0,23,0,19)
13:26:56.488	L(-0,07,-0,58,0,23)	R(0,25,-0,31,0,21)
13:26:57.521	L(-0,07,-0,58,0,23)	R(0,09,-0,26,0,17)
13:26:58.554	L(-0,07,-0,58,0,22)	R(0,08,-0,26,0,20)
13:26:59.599	L(-0,07,-0,58,0,23)	R(0,06,-0,27,0,20)
13:27:00.640	L(-0,07,-0,58,0,23)	R(0,05,-0,33,0,20)
13:27:01.685	L(-0,07,-0,58,0,23)	R(0,06,-0,33,0,19)
13:27:02.739	L(-0,07,-0,58,0,23)	R(0,19,-0,23,0,20)
13:27:03.786	L(-0,07,-0,58,0,22)	R(0,03,-0,21,0,24)
13:27:04.829	L(-0,07,-0,58,0,22)	R(0,02,-0,23,0,25)
13:27:05.873	L(-0,07,-0,58,0,22)	R(0,03,-0,23,0,25)
13:27:06.918	L(-0,07,-0,58,0,22)	R(0,02,-0,21,0,23)
13:27:07.962	L(-0,07,-0,58,0,22)	R(0,02,-0,23,0,23)
13:27:09.007	L(-0,07,-0,58,0,22)	R(0,03,-0,23,0,23)
13:27:10.051	L(-0,07,-0,58,0,22)	R(0,03,-0,22,0,22)
13:27:11.096	L(-0,07,-0,58,0,22)	R(0,04,-0,23,0,21)
13:27:12.139	L(-0,07,-0,58,0,22)	R(0,03,-0,23,0,19)
13:27:13.184	L(-0,07,-0,58,0,22)	R(0,04,-0,22,0,19)
13:27:14.214	L(-0,07,-0,58,0,22)	R(0,04,-0,23,0,19)
13:27:15.261	L(-0,07,-0,58,0,22)	R(0,02,-0,23,0,21)
13:27:16.292	L(-0,06,-0,58,0,22)	R(0,03,-0,21,0,21)
13:27:17.332	L(-0,06,-0,58,0,22)	R(0,06,-0,23,0,25)
13:27:18.379	L(-0,06,-0,58,0,22)	R(0,06,-0,22,0,25)
13:27:19.421	L(-0,06,-0,58,0,22)	R(0,05,-0,23,0,25)
13:27:20.466	L(-0,06,-0,58,0,22)	R(0,05,-0,21,0,24)
13:27:21.509	L(-0,06,-0,58,0,22)	R(0,05,-0,23,0,23)
13:27:22.539	L(-0,06,-0,58,0,22)	R(0,08,-0,21,0,24)
13:27:23.585	L(-0,06,-0,58,0,22)	R(0,08,-0,24,0,25)
13:27:24.628	L(-0,06,-0,58,0,22)	R(0,10,-0,21,0,23)
13:27:25.674	L(-0,06,-0,58,0,22)	R(0,11,-0,24,0,22)
13:27:26.718	L(-0,06,-0,58,0,22)	R(0,09,-0,23,0,22)
13:27:27.762	L(-0,06,-0,58,0,22)	R(0,09,-0,22,0,22)
13:27:28.821	L(-0,06,-0,58,0,22)	R(0,08,-0,23,0,22)
13:27:29.865	L(-0,06,-0,58,0,22)	R(0,07,-0,22,0,22)
13:27:30.906	L(-0,07,-0,58,0,22)	R(0,07,-0,23,0,22)
13:27:31.950	L(-0,07,-0,58,0,22)	R(0,07,-0,23,0,21)
13:27:32.996	L(-0,07,-0,58,0,22)	R(0,06,-0,22,0,21)
13:27:34.041	L(-0,07,-0,58,0,22)	R(0,05,-0,23,0,21)
13:27:35.084	L(-0,07,-0,58,0,22)	R(0,06,-0,23,0,19)
13:27:36.118	L(-0,06,-0,58,0,22)	R(0,05,-0,23,0,19)
13:27:37.148	L(-0,06,-0,58,0,22)	R(0,07,-0,24,0,18)
13:27:38.204	L(-0,06,-0,58,0,22)	R(0,09,-0,21,0,18)
13:27:39.262	L(-0,06,-0,58,0,22)	R(0,10,-0,24,0,18)
13:27:40.310	L(-0,06,-0,58,0,22)	R(0,10,-0,23,0,20)
13:27:41.365	L(-0,06,-0,58,0,22)	R(0,10,-0,23,0,20)
13:27:42.413	L(-0,06,-0,58,0,22)	R(0,08,-0,24,0,20)
13:27:43.468	L(-0,06,-0,58,0,22)	R(0,08,-0,23,0,18)
13:27:44.525	L(-0,06,-0,58,0,22)	R(0,09,-0,24,0,18)
13:27:45.584	L(-0,06,-0,58,0,22)	R(0,10,-0,24,0,24)
13:27:46.642	L(-0,06,-0,58,0,22)	R(0,10,-0,24,0,24)
13:27:47.689	L(-0,06,-0,58,0,22)	R(0,11,-0,24,0,24)
13:27:48.769	L(-0,06,-0,58,0,22)	R(0,12,-0,23,0,24)
13:27:49.806	L(-0,06,-0,58,0,22)	R(0,13,-0,24,0,24)
13:27:50.885	L(-0,06,-0,58,0,22)	R(0,13,-0,24,0,22)
13:27:51.936	L(-0,06,-0,58,0,22)	R(0,12,-0,24,0,21)
13:27:53.016	L(-0,06,-0,58,0,22)	R(0,11,-0,24,0,20)
13:27:54.051	L(-0,06,-0,58,0,22)	R(0,13,-0,24,0,20)
13:27:55.083	L(-0,06,-0,58,0,22)	R(0,13,-0,24,0,19)
13:27:56.138	L(-0,06,-0,58,0,22)	R(0,12,-0,25,0,18)
13:27:57.195	L(-0,06,-0,58,0,22)	R(0,13,-0,24,0,18)
13:27:58.203	L(-0,06,-0,58,0,22)	R(0,14,-0,24,0,18)
13:27:59.281	L(-0,06,-0,58,0,22)	R(0,14,-0,25,0,18)
13:28:00.327	L(-0,06,-0,58,0,22)	R(0,16,-0,25,0,18)
13:28:01.375	L(-0,06,-0,58,0,22)	R(0,16,-0,24,0,20)
13:28:02.456	L(-0,06,-0,58,0,22)	R(0,16,-0,24,0,20)
13:28:03.492	L(-0,06,-0,58,0,22)	R(0,16,-0,24,0,22)
13:28:04.573	L(-0,06,-0,58,0,22)	R(0,15,-0,24,0,23)
13:28:05.617	L(-0,06,-0,58,0,22)	R(0,15,-0,24,0,24)
13:28:06.652	L(-0,06,-0,58,0,22)	R(0,14,-0,24,0,24)
13:28:07.732	L(-0,06,-0,58,0,22)	R(0,14,-0,23,0,22)
13:28:08.778	L(-0,06,-0,58,0,22)	R(0,14,-0,24,0,22)
13:28:09.813	L(-0,06,-0,58,0,22)	R(0,14,-0,24,0,20)
13:28:10.892	L(-0,06,-0,58,0,22)	R(0,15,-0,23,0,20)
13:28:11.953	L(-0,06,-0,58,0,22)	R(0,27,-0,33,0,19)
13:28:12.958	L(-0,07,-0,58,0,22)	R(0,19,-0,28,0,14)
13:28:14.025	L(-0,07,-0,58,0,22)	R(0,11,-0,21,0,15)
13:28:15.041	L(-0,07,-0,58,0,22)	R(0,10,-0,24,0,15)
13:28:16.079	L(-0,07,-0,58,0,22)	R(0,10,-0,24,0,15)
