19:02:47.615	L(-0,17,-0,17,0,07)	R(0,15,-0,11,0,08)
19:02:48.649	L(0,00,-0,46,0,18)	R(0,03,-0,31,0,16)
19:02:49.692	L(0,00,-0,49,0,17)	R(0,05,-0,30,0,24)
19:02:50.751	L(0,00,-0,49,0,17)	R(-0,11,-0,27,0,35)
19:02:51.779	L(0,00,-0,50,0,16)	R(0,08,-0,23,0,25)
19:02:52.800	L(0,00,-0,50,0,17)	R(0,13,-0,27,0,27)
19:02:53.817	L(0,00,-0,49,0,16)	R(-0,13,-0,26,0,34)
19:02:54.831	L(0,00,-0,50,0,16)	R(0,10,-0,29,0,23)
19:02:55.848	L(0,00,-0,50,0,17)	R(-0,23,-0,28,0,44)
19:02:56.865	L(0,00,-0,50,0,17)	R(0,06,-0,30,0,21)
19:02:57.881	L(0,00,-0,50,0,16)	R(-0,20,-0,30,0,42)
19:02:58.898	L(0,00,-0,51,0,16)	R(0,07,-0,28,0,19)
19:02:59.913	L(0,00,-0,51,0,16)	R(-0,14,-0,28,0,33)
19:03:00.932	L(0,00,-0,51,0,16)	R(0,05,-0,29,0,18)
19:03:01.945	L(0,00,-0,51,0,16)	R(-0,13,-0,30,0,33)
19:03:02.962	L(0,00,-0,50,0,16)	R(0,16,-0,23,0,26)
19:03:03.982	L(0,00,-0,51,0,16)	R(0,14,-0,27,0,25)
19:03:04.997	L(0,00,-0,50,0,16)	R(-0,09,-0,26,0,32)
19:03:06.012	L(0,00,-0,50,0,16)	R(0,14,-0,26,0,24)
19:03:07.032	L(0,00,-0,50,0,16)	R(-0,22,-0,25,0,44)
19:03:08.065	L(0,00,-0,51,0,16)	R(0,11,-0,22,0,22)
19:03:09.104	L(0,00,-0,50,0,16)	R(0,01,-0,32,0,41)
19:03:10.121	L(0,00,-0,50,0,16)	R(-0,09,-0,25,0,30)
19:03:11.138	L(0,00,-0,51,0,16)	R(0,14,-0,26,0,21)
19:03:12.153	L(0,00,-0,51,0,16)	R(-0,06,-0,26,0,24)
19:03:13.171	L(0,00,-0,50,0,16)	R(0,08,-0,24,0,21)
19:03:14.188	L(0,00,-0,51,0,16)	R(0,09,-0,29,0,22)
19:03:15.203	L(0,00,-0,50,0,16)	R(-0,18,-0,31,0,36)
19:03:16.221	L(0,00,-0,51,0,16)	R(0,10,-0,29,0,18)
19:03:17.236	L(0,00,-0,51,0,16)	R(0,08,-0,30,0,19)
19:03:18.254	L(0,00,-0,50,0,16)	R(-0,14,-0,30,0,34)
19:03:19.271	L(0,00,-0,51,0,16)	R(0,09,-0,29,0,17)
19:03:20.284	L(0,00,-0,51,0,16)	R(-0,18,-0,28,0,40)
19:03:21.300	L(0,01,-0,51,0,15)	R(0,18,-0,22,0,28)
19:03:22.320	L(0,01,-0,51,0,16)	R(0,18,-0,27,0,27)
19:03:23.334	L(0,00,-0,50,0,16)	R(-0,18,-0,29,0,39)
19:03:24.351	L(0,01,-0,51,0,16)	R(0,18,-0,26,0,24)
19:03:25.365	L(0,01,-0,51,0,16)	R(-0,01,-0,30,0,25)
19:03:26.384	L(0,01,-0,51,0,16)	R(0,11,-0,23,0,24)
19:03:27.399	L(0,01,-0,51,0,16)	R(0,18,-0,27,0,24)
19:03:28.413	L(0,00,-0,51,0,16)	R(-0,15,-0,27,0,36)
19:03:29.433	L(0,00,-0,51,0,16)	R(0,18,-0,26,0,22)
19:03:30.448	L(0,00,-0,51,0,16)	R(0,18,-0,29,0,18)
19:03:31.472	L(0,00,-0,51,0,16)	R(0,17,-0,32,0,17)
19:03:32.483	L(0,01,-0,51,0,16)	R(0,02,-0,34,0,18)
19:03:33.510	L(0,01,-0,52,0,16)	R(0,02,-0,35,0,18)
19:03:34.540	L(0,00,-0,51,0,16)	R(-0,13,-0,29,0,24)
19:03:35.555	L(0,00,-0,51,0,16)	R(0,05,-0,35,0,19)
19:03:36.572	L(0,00,-0,51,0,16)	R(0,04,-0,33,0,19)
19:03:37.590	L(0,00,-0,51,0,16)	R(0,00,-0,34,0,16)
19:03:38.620	L(0,00,-0,51,0,16)	R(-0,13,-0,26,0,29)
19:03:39.637	L(0,00,-0,51,0,16)	R(0,06,-0,28,0,26)
19:03:40.666	L(0,00,-0,51,0,16)	R(-0,23,-0,30,0,45)
19:03:41.681	L(0,00,-0,51,0,16)	R(0,07,-0,27,0,23)
19:03:42.728	L(0,00,-0,51,0,16)	R(0,05,-0,29,0,23)
19:03:43.745	L(0,00,-0,51,0,16)	R(-0,13,-0,26,0,32)
19:03:44.759	L(0,00,-0,51,0,16)	R(0,07,-0,29,0,22)
19:03:45.778	L(0,00,-0,51,0,16)	R(-0,23,-0,29,0,43)
19:03:46.795	L(0,00,-0,51,0,16)	R(0,06,-0,29,0,20)
19:03:47.812	L(0,00,-0,51,0,16)	R(-0,21,-0,31,0,45)
19:03:48.840	L(0,00,-0,51,0,16)	R(0,14,-0,27,0,28)
19:03:49.857	L(0,00,-0,51,0,16)	R(0,00,-0,27,0,24)
19:03:50.875	L(0,00,-0,51,0,16)	R(0,02,-0,21,0,27)
19:03:51.893	L(0,00,-0,51,0,16)	R(0,13,-0,25,0,27)
19:03:52.909	L(0,00,-0,51,0,16)	R(0,06,-0,26,0,22)
19:03:53.923	L(0,00,-0,51,0,16)	R(0,11,-0,28,0,24)
19:03:54.942	L(0,00,-0,51,0,16)	R(0,10,-0,27,0,26)
19:03:55.956	L(0,00,-0,51,0,16)	R(0,11,-0,28,0,24)
19:03:56.973	L(0,00,-0,51,0,16)	R(0,10,-0,27,0,25)
19:03:57.988	L(0,00,-0,51,0,16)	R(-0,22,-0,27,0,44)
19:03:59.008	L(0,00,-0,51,0,16)	R(0,13,-0,24,0,21)
19:04:00.025	L(0,00,-0,51,0,16)	R(0,12,-0,26,0,24)
19:04:01.068	L(0,00,-0,51,0,16)	R(0,03,-0,26,0,20)
19:04:02.082	L(0,00,-0,51,0,16)	R(0,04,-0,20,0,25)
19:04:03.098	L(0,00,-0,51,0,16)	R(0,13,-0,27,0,23)
19:04:04.117	L(0,00,-0,51,0,16)	R(-0,16,-0,29,0,36)
19:04:05.134	L(0,00,-0,51,0,16)	R(0,12,-0,21,0,22)
19:04:06.189	L(0,00,-0,51,0,16)	R(0,10,-0,27,0,26)
19:04:07.234	L(0,00,-0,51,0,16)	R(0,07,-0,27,0,24)
19:04:08.277	L(0,00,-0,51,0,16)	R(-0,09,-0,23,0,24)
19:04:09.312	L(0,00,-0,51,0,16)	R(0,09,-0,28,0,23)
19:04:10.340	L(0,00,-0,51,0,16)	R(0,08,-0,28,0,23)
19:04:11.385	L(0,00,-0,51,0,16)	R(-0,16,-0,28,0,31)
19:04:12.412	L(0,00,-0,51,0,16)	R(0,09,-0,28,0,21)
19:04:13.457	L(0,00,-0,51,0,16)	R(-0,12,-0,28,0,29)
19:04:14.476	L(0,00,-0,51,0,16)	R(0,09,-0,25,0,18)
19:04:15.506	L(0,00,-0,52,0,16)	R(0,10,-0,28,0,19)
19:04:16.551	L(-0,01,-0,52,0,17)	R(-0,06,-0,31,0,22)
19:04:17.568	L(-0,02,-0,52,0,17)	R(-0,03,-0,22,0,28)
19:04:18.597	L(-0,02,-0,52,0,17)	R(0,16,-0,26,0,29)
19:04:19.610	L(-0,02,-0,52,0,17)	R(0,16,-0,27,0,28)
19:04:20.632	L(-0,02,-0,52,0,17)	R(-0,10,-0,27,0,27)
19:04:21.660	L(-0,02,-0,52,0,17)	R(0,07,-0,26,0,24)
19:04:22.704	L(-0,02,-0,52,0,17)	R(0,16,-0,26,0,26)
19:04:23.750	L(-0,02,-0,52,0,17)	R(0,16,-0,27,0,25)
19:04:24.778	L(-0,02,-0,52,0,17)	R(-0,20,-0,30,0,42)
19:04:25.796	L(-0,02,-0,52,0,17)	R(0,18,-0,26,0,25)
19:04:26.853	L(-0,02,-0,52,0,17)	R(0,15,-0,27,0,23)
19:04:27.885	L(-0,02,-0,52,0,17)	R(-0,14,-0,27,0,33)
19:04:28.927	L(-0,02,-0,52,0,17)	R(0,17,-0,27,0,22)
19:04:29.972	L(-0,02,-0,52,0,17)	R(0,15,-0,28,0,21)
19:04:31.017	L(-0,02,-0,52,0,17)	R(-0,14,-0,26,0,34)
19:04:32.074	L(-0,02,-0,52,0,17)	R(0,15,-0,27,0,25)
19:04:33.134	L(-0,02,-0,52,0,17)	R(0,14,-0,28,0,26)
19:04:34.164	L(-0,02,-0,52,0,17)	R(-0,18,-0,29,0,38)
19:04:35.209	L(-0,02,-0,52,0,17)	R(0,14,-0,25,0,23)
19:04:36.267	L(-0,02,-0,52,0,17)	R(0,12,-0,28,0,23)
19:04:37.296	L(-0,02,-0,52,0,17)	R(-0,19,-0,29,0,37)
19:04:38.340	L(-0,02,-0,52,0,17)	R(0,14,-0,27,0,21)
19:04:39.399	L(-0,02,-0,52,0,17)	R(0,13,-0,28,0,22)
19:04:40.456	L(-0,02,-0,52,0,17)	R(-0,22,-0,28,0,43)
19:04:41.501	L(-0,02,-0,52,0,17)	R(0,15,-0,27,0,19)
19:04:42.559	L(-0,02,-0,52,0,17)	R(0,13,-0,29,0,19)
19:04:43.609	L(-0,02,-0,52,0,17)	R(0,11,-0,29,0,19)
19:04:44.660	L(-0,02,-0,52,0,17)	R(0,12,-0,28,0,18)
19:04:45.719	L(-0,02,-0,52,0,17)	R(0,11,-0,29,0,19)
19:04:46.766	L(-0,02,-0,52,0,17)	R(-0,10,-0,26,0,34)
19:04:47.795	L(-0,02,-0,52,0,17)	R(0,22,-0,26,0,29)
19:04:48.811	L(-0,02,-0,52,0,17)	R(0,07,-0,28,0,23)
19:04:49.855	L(-0,02,-0,52,0,17)	R(0,00,-0,22,0,30)
19:04:50.885	L(-0,02,-0,52,0,17)	R(0,21,-0,27,0,28)
19:04:51.941	L(-0,02,-0,52,0,17)	R(0,04,-0,30,0,19)
19:04:52.987	L(-0,02,-0,52,0,17)	R(0,06,-0,23,0,27)
19:04:54.019	L(-0,02,-0,52,0,17)	R(0,21,-0,27,0,25)
19:04:55.048	L(-0,02,-0,52,0,17)	R(-0,01,-0,28,0,23)
19:04:56.104	L(-0,02,-0,52,0,17)	R(-0,14,-0,27,0,35)
19:04:57.151	L(-0,02,-0,52,0,17)	R(0,16,-0,22,0,23)
19:04:58.204	L(-0,02,-0,52,0,17)	R(0,21,-0,27,0,22)
19:04:59.236	L(-0,02,-0,52,0,17)	R(0,08,-0,29,0,47)
19:05:00.283	L(-0,02,-0,52,0,17)	R(0,03,-0,29,0,18)
19:05:01.303	L(-0,02,-0,52,0,17)	R(0,03,-0,30,0,19)
19:05:02.302	L(0,00,-0,52,0,17)	R(0,28,-0,33,0,25)
19:05:03.361	L(0,00,-0,52,0,17)	R(0,11,-0,28,0,20)
19:05:04.416	L(0,00,-0,52,0,17)	R(0,12,-0,28,0,20)
19:05:05.460	L(0,00,-0,52,0,17)	R(0,33,-0,27,0,37)
19:05:06.508	L(0,00,-0,52,0,17)	R(0,08,-0,26,0,19)
19:05:07.539	L(0,00,-0,52,0,17)	R(0,08,-0,28,0,20)
19:05:08.594	L(0,00,-0,52,0,17)	R(0,14,-0,25,0,22)
19:05:09.626	L(0,00,-0,52,0,17)	R(0,18,-0,25,0,22)
19:05:10.685	L(0,00,-0,54,0,18)	R(-0,04,-0,29,0,20)
19:05:11.754	L(0,00,-0,52,0,17)	R(0,18,-0,27,0,26)
19:05:12.798	L(0,00,-0,52,0,17)	R(0,19,-0,25,0,23)
19:05:13.845	L(0,00,-0,53,0,17)	R(0,00,-0,29,0,20)
19:05:14.890	L(0,00,-0,53,0,17)	R(0,00,-0,29,0,20)
19:05:15.934	L(0,00,-0,52,0,17)	R(0,38,-0,30,0,39)
19:05:16.979	L(0,00,-0,52,0,17)	R(0,05,-0,28,0,20)
19:05:18.026	L(0,00,-0,52,0,17)	R(0,04,-0,29,0,21)
19:05:19.081	L(0,00,-0,52,0,17)	R(0,21,-0,30,0,41)
19:05:20.112	L(0,00,-0,52,0,17)	R(0,04,-0,19,0,25)
19:05:21.157	L(0,00,-0,52,0,17)	R(0,03,-0,23,0,25)
19:05:22.201	L(0,00,-0,52,0,17)	R(0,05,-0,22,0,25)
19:05:23.243	L(0,00,-0,52,0,17)	R(0,03,-0,22,0,22)
19:05:24.291	L(-0,02,-0,52,0,17)	R(0,04,-0,23,0,23)
19:05:25.335	L(-0,02,-0,52,0,17)	R(0,05,-0,24,0,23)
19:05:26.389	L(-0,02,-0,52,0,17)	R(0,04,-0,24,0,22)
19:05:27.423	L(-0,02,-0,52,0,17)	R(0,04,-0,24,0,21)
19:05:28.467	L(-0,02,-0,52,0,17)	R(0,04,-0,24,0,20)
19:05:29.523	L(-0,02,-0,52,0,17)	R(0,05,-0,24,0,21)
19:05:30.577	L(-0,02,-0,52,0,17)	R(0,06,-0,23,0,20)
19:05:31.626	L(-0,02,-0,52,0,17)	R(0,06,-0,23,0,24)
19:05:32.673	L(-0,02,-0,52,0,17)	R(0,06,-0,24,0,24)
19:05:33.716	L(-0,02,-0,52,0,17)	R(0,08,-0,24,0,24)
19:05:34.747	L(-0,02,-0,52,0,17)	R(0,06,-0,24,0,22)
19:05:35.762	L(-0,02,-0,52,0,17)	R(0,08,-0,23,0,22)
19:05:36.774	L(-0,02,-0,52,0,17)	R(0,08,-0,24,0,22)
19:05:37.796	L(-0,02,-0,52,0,17)	R(0,07,-0,24,0,21)
19:05:38.813	L(-0,02,-0,52,0,17)	R(0,08,-0,24,0,20)
19:05:39.829	L(-0,02,-0,52,0,17)	R(0,07,-0,24,0,19)
19:05:40.844	L(-0,02,-0,52,0,17)	R(0,08,-0,23,0,18)
19:05:41.889	L(-0,02,-0,52,0,17)	R(0,08,-0,24,0,18)
19:05:42.933	L(-0,02,-0,52,0,17)	R(0,09,-0,24,0,23)
19:05:43.964	L(-0,02,-0,52,0,17)	R(0,09,-0,24,0,23)
19:05:45.008	L(-0,02,-0,52,0,17)	R(0,10,-0,24,0,23)
19:05:46.037	L(-0,02,-0,52,0,17)	R(0,10,-0,24,0,22)
19:05:47.070	L(-0,02,-0,52,0,17)	R(0,10,-0,24,0,21)
19:05:48.098	L(-0,02,-0,52,0,17)	R(0,09,-0,25,0,20)
19:05:49.129	L(-0,02,-0,52,0,17)	R(0,11,-0,24,0,19)
19:05:50.130	L(-0,02,-0,52,0,17)	R(0,11,-0,24,0,18)
19:05:51.186	L(-0,02,-0,52,0,17)	R(0,11,-0,24,0,18)
19:05:52.243	L(-0,02,-0,52,0,17)	R(0,12,-0,25,0,18)
19:05:53.288	L(-0,02,-0,52,0,17)	R(0,12,-0,22,0,22)
19:05:54.335	L(-0,02,-0,52,0,17)	R(0,12,-0,24,0,23)
19:05:55.364	L(-0,02,-0,52,0,17)	R(0,13,-0,24,0,23)
19:05:56.396	L(-0,02,-0,52,0,17)	R(0,12,-0,23,0,21)
19:05:57.454	L(-0,02,-0,52,0,17)	R(0,12,-0,23,0,20)
19:05:58.484	L(-0,02,-0,52,0,17)	R(0,13,-0,24,0,21)
19:05:59.512	L(-0,02,-0,52,0,17)	R(0,13,-0,24,0,19)
19:06:00.549	L(-0,02,-0,52,0,17)	R(0,12,-0,24,0,19)
19:06:01.572	L(-0,02,-0,52,0,17)	R(0,14,-0,24,0,17)
19:06:02.630	L(-0,02,-0,52,0,17)	R(0,15,-0,23,0,17)
19:06:03.677	L(-0,02,-0,52,0,17)	R(0,15,-0,24,0,23)
19:06:04.717	L(-0,02,-0,52,0,17)	R(0,16,-0,23,0,22)
19:06:05.763	L(-0,02,-0,52,0,17)	R(0,16,-0,24,0,22)
19:06:06.808	L(-0,02,-0,52,0,17)	R(0,15,-0,24,0,21)
19:06:07.866	L(-0,02,-0,52,0,17)	R(0,16,-0,24,0,21)
19:06:08.910	L(-0,02,-0,52,0,17)	R(0,15,-0,23,0,19)
19:06:09.968	L(-0,02,-0,52,0,17)	R(0,15,-0,24,0,19)
19:06:11.013	L(-0,02,-0,52,0,17)	R(0,17,-0,24,0,19)
19:06:12.069	L(-0,02,-0,52,0,17)	R(0,15,-0,24,0,17)
19:06:13.128	L(-0,02,-0,52,0,17)	R(0,17,-0,24,0,17)
19:06:14.172	L(-0,02,-0,52,0,17)	R(0,19,-0,23,0,19)
19:06:15.217	L(-0,02,-0,52,0,17)	R(0,09,-0,35,0,18)
19:06:16.296	L(-0,02,-0,52,0,17)	R(0,13,-0,24,0,20)
19:06:17.327	L(0,01,-0,51,0,17)	R(0,06,-0,19,0,22)
19:06:18.341	L(0,01,-0,51,0,17)	R(0,06,-0,23,0,22)
19:06:19.368	L(0,01,-0,52,0,16)	R(0,20,-0,13,0,22)
19:06:20.413	L(0,01,-0,52,0,16)	R(0,23,-0,22,0,27)
19:06:21.458	L(0,01,-0,52,0,17)	R(0,02,-0,29,0,24)
19:06:22.513	L(0,01,-0,52,0,17)	R(0,01,-0,30,0,24)
19:06:23.555	L(0,01,-0,52,0,17)	R(0,21,-0,25,0,29)
19:06:24.600	L(0,01,-0,52,0,17)	R(0,15,-0,23,0,25)
19:06:25.650	L(0,01,-0,52,0,17)	R(0,04,-0,29,0,24)
19:06:26.708	L(0,01,-0,52,0,17)	R(0,14,-0,26,0,26)
19:06:27.766	L(0,01,-0,52,0,17)	R(0,23,-0,21,0,25)
19:06:28.810	L(0,01,-0,52,0,17)	R(0,09,-0,29,0,25)
19:06:29.869	L(0,01,-0,52,0,17)	R(0,09,-0,29,0,25)
19:06:30.911	L(0,01,-0,52,0,17)	R(0,37,-0,27,0,39)
19:06:31.970	L(0,01,-0,52,0,17)	R(0,36,-0,29,0,33)
19:06:33.016	L(0,01,-0,52,0,17)	R(0,14,-0,29,0,24)
19:06:34.058	L(0,01,-0,52,0,17)	R(0,13,-0,29,0,24)
19:06:35.103	L(0,01,-0,52,0,17)	R(0,16,-0,28,0,22)
19:06:36.135	L(0,01,-0,52,0,17)	R(0,15,-0,28,0,23)
19:06:37.177	L(0,01,-0,52,0,17)	R(0,13,-0,29,0,23)
19:06:38.222	L(0,01,-0,52,0,17)	R(0,15,-0,21,0,21)
19:06:39.253	L(-0,02,-0,52,0,17)	R(0,07,-0,23,0,27)
19:06:40.284	L(-0,02,-0,52,0,17)	R(0,07,-0,25,0,28)
19:06:41.342	L(-0,02,-0,52,0,17)	R(0,08,-0,25,0,28)
19:06:42.385	L(-0,02,-0,52,0,17)	R(0,07,-0,25,0,26)
19:06:43.431	L(-0,02,-0,52,0,17)	R(0,08,-0,25,0,26)
19:06:44.487	L(-0,02,-0,52,0,16)	R(0,08,-0,25,0,25)
19:06:45.532	L(-0,02,-0,52,0,17)	R(0,07,-0,26,0,24)
19:06:46.576	L(-0,02,-0,52,0,16)	R(0,09,-0,25,0,24)
19:06:47.620	L(-0,02,-0,52,0,16)	R(0,08,-0,25,0,22)
19:06:48.676	L(-0,02,-0,52,0,16)	R(0,08,-0,25,0,22)
19:06:49.720	L(-0,02,-0,52,0,17)	R(0,10,-0,25,0,22)
19:06:50.756	L(-0,02,-0,52,0,16)	R(0,09,-0,24,0,26)
19:06:51.810	L(-0,02,-0,52,0,17)	R(0,10,-0,24,0,26)
19:06:52.841	L(-0,02,-0,52,0,17)	R(0,11,-0,25,0,26)
19:06:53.910	L(-0,02,-0,52,0,16)	R(0,09,-0,25,0,25)
19:06:54.942	L(-0,02,-0,52,0,16)	R(0,11,-0,25,0,25)
19:06:55.974	L(-0,02,-0,52,0,17)	R(0,11,-0,25,0,25)
19:06:57.019	L(-0,02,-0,52,0,17)	R(0,09,-0,25,0,23)
19:06:58.050	L(-0,02,-0,52,0,17)	R(0,11,-0,25,0,23)
19:06:59.080	L(-0,02,-0,52,0,16)	R(0,10,-0,25,0,21)
19:07:00.110	L(-0,02,-0,52,0,17)	R(0,10,-0,25,0,21)
19:07:01.155	L(-0,02,-0,52,0,16)	R(0,12,-0,25,0,21)
19:07:02.183	L(-0,02,-0,52,0,17)	R(0,12,-0,24,0,26)
19:07:03.230	L(-0,02,-0,52,0,17)	R(0,13,-0,24,0,26)
19:07:04.274	L(-0,02,-0,52,0,16)	R(0,14,-0,25,0,26)
19:07:05.315	L(-0,02,-0,52,0,17)	R(0,13,-0,25,0,24)
19:07:06.334	L(-0,02,-0,52,0,16)	R(0,12,-0,25,0,24)
19:07:07.364	L(-0,02,-0,52,0,17)	R(0,12,-0,25,0,23)
19:07:08.394	L(-0,02,-0,52,0,17)	R(0,13,-0,25,0,22)
19:07:09.426	L(-0,02,-0,52,0,17)	R(0,13,-0,26,0,20)
19:07:10.468	L(-0,02,-0,52,0,16)	R(0,14,-0,26,0,20)
19:07:11.522	L(-0,02,-0,52,0,17)	R(0,15,-0,24,0,25)
19:07:12.558	L(-0,02,-0,52,0,17)	R(0,15,-0,25,0,26)
19:07:13.601	L(-0,02,-0,52,0,17)	R(0,17,-0,25,0,26)
19:07:14.646	L(-0,02,-0,52,0,17)	R(0,15,-0,25,0,24)
19:07:15.689	L(-0,02,-0,52,0,17)	R(0,16,-0,25,0,24)
19:07:16.744	L(-0,02,-0,52,0,17)	R(0,17,-0,25,0,23)
19:07:17.776	L(-0,02,-0,52,0,17)	R(0,15,-0,26,0,22)
19:07:18.819	L(-0,02,-0,52,0,17)	R(0,17,-0,26,0,22)
19:07:19.862	L(-0,02,-0,52,0,17)	R(0,16,-0,25,0,20)
19:07:20.908	L(-0,02,-0,52,0,17)	R(0,16,-0,26,0,20)
19:07:21.953	L(-0,01,-0,52,0,17)	R(0,17,-0,26,0,20)
19:07:22.996	L(0,00,-0,52,0,17)	R(0,24,-0,27,0,21)
19:07:24.027	L(0,01,-0,52,0,17)	R(0,14,-0,26,0,15)
19:07:25.097	L(0,01,-0,52,0,17)	R(0,09,-0,27,0,15)
19:07:26.164	L(0,01,-0,52,0,17)	R(0,09,-0,27,0,15)
19:07:27.162	L(0,01,-0,52,0,17)	R(0,09,-0,27,0,15)
