17:56:58.207	L(0,00,0,00,0,00)	R(0,09,-0,36,-0,02)
17:56:59.132	L(0,00,0,00,0,00)	R(0,09,-0,36,-0,02)
17:57:00.131	L(0,00,0,00,0,00)	R(0,09,-0,35,0,01)
17:57:01.158	L(0,00,0,00,0,00)	R(0,10,-0,36,0,03)
17:58:46.150	L(-0,14,-0,47,0,16)	R(0,12,-0,30,0,16)
17:58:47.070	L(-0,23,-0,15,0,07)	R(0,26,-0,11,0,04)
17:58:48.101	L(-0,19,-0,16,0,11)	R(0,26,-0,14,0,06)
17:58:49.132	L(-0,16,-0,25,0,09)	R(0,08,-0,26,0,12)
17:58:50.153	L(-0,15,-0,24,0,24)	R(0,10,-0,24,0,11)
17:58:51.181	L(-0,13,-0,24,0,22)	R(0,10,-0,24,0,11)
17:58:52.209	L(-0,19,-0,27,0,08)	R(-0,06,-0,23,0,22)
17:58:53.237	L(-0,18,-0,27,0,07)	R(-0,08,-0,22,0,25)
17:58:54.264	L(-0,18,-0,27,0,08)	R(-0,08,-0,23,0,25)
17:58:55.294	L(-0,18,-0,28,0,08)	R(-0,08,-0,22,0,25)
17:58:56.321	L(-0,15,-0,30,0,08)	R(0,04,-0,20,0,17)
17:58:57.340	L(-0,13,-0,44,0,13)	R(0,07,-0,24,0,13)
17:58:58.377	L(-0,13,-0,44,0,13)	R(0,01,-0,19,0,21)
17:58:59.407	L(-0,14,-0,45,0,13)	R(-0,09,-0,18,0,26)
17:59:00.432	L(-0,13,-0,45,0,13)	R(-0,09,-0,19,0,26)
17:59:01.454	L(-0,14,-0,45,0,13)	R(-0,07,-0,23,0,19)
17:59:02.459	L(-0,14,-0,45,0,13)	R(0,00,-0,08,0,45)
17:59:03.487	L(-0,15,-0,45,0,13)	R(-0,10,-0,14,0,49)
17:59:04.515	L(-0,15,-0,45,0,13)	R(-0,09,-0,14,0,45)
17:59:05.543	L(-0,14,-0,45,0,13)	R(-0,05,-0,11,0,29)
17:59:06.570	L(-0,14,-0,46,0,13)	R(-0,09,-0,19,0,29)
17:59:07.598	L(-0,14,-0,46,0,13)	R(-0,09,-0,19,0,28)
17:59:08.626	L(-0,14,-0,46,0,13)	R(-0,11,-0,13,0,52)
17:59:09.655	L(-0,14,-0,46,0,13)	R(-0,11,-0,15,0,47)
17:59:10.682	L(-0,14,-0,46,0,13)	R(-0,11,-0,12,0,31)
17:59:11.710	L(-0,14,-0,46,0,13)	R(-0,09,-0,20,0,30)
17:59:12.737	L(-0,14,-0,46,0,13)	R(-0,10,-0,20,0,30)
17:59:13.765	L(-0,14,-0,46,0,13)	R(-0,07,-0,14,0,42)
17:59:14.793	L(-0,14,-0,46,0,13)	R(-0,10,-0,16,0,47)
17:59:15.821	L(-0,14,-0,46,0,13)	R(-0,05,-0,11,0,40)
17:59:16.847	L(-0,14,-0,47,0,13)	R(-0,10,-0,18,0,32)
17:59:17.875	L(-0,14,-0,47,0,13)	R(-0,10,-0,20,0,32)
17:59:18.904	L(-0,14,-0,47,0,13)	R(-0,12,-0,17,0,31)
17:59:19.932	L(-0,14,-0,46,0,13)	R(-0,13,-0,13,0,50)
17:59:20.959	L(-0,14,-0,46,0,13)	R(-0,11,-0,15,0,48)
17:59:21.987	L(-0,14,-0,46,0,13)	R(-0,08,-0,14,0,46)
17:59:23.015	L(-0,14,-0,46,0,14)	R(0,00,-0,08,0,28)
17:59:24.043	L(-0,14,-0,46,0,14)	R(0,05,-0,18,0,30)
17:59:25.071	L(-0,14,-0,46,0,14)	R(0,05,-0,17,0,29)
17:59:26.098	L(-0,14,-0,46,0,14)	R(-0,09,-0,17,0,46)
17:59:27.125	L(-0,14,-0,46,0,14)	R(-0,02,-0,08,0,37)
17:59:28.154	L(-0,14,-0,46,0,14)	R(0,05,-0,14,0,32)
17:59:29.182	L(-0,14,-0,46,0,14)	R(0,05,-0,17,0,32)
17:59:30.210	L(-0,14,-0,46,0,14)	R(0,02,-0,11,0,36)
17:59:31.237	L(-0,14,-0,46,0,13)	R(-0,10,-0,16,0,48)
17:59:32.265	L(-0,14,-0,46,0,13)	R(-0,01,-0,10,0,40)
17:59:33.293	L(-0,14,-0,46,0,14)	R(0,05,-0,14,0,34)
17:59:34.321	L(-0,14,-0,47,0,14)	R(0,05,-0,16,0,34)
17:59:35.349	L(-0,15,-0,47,0,14)	R(-0,10,-0,18,0,49)
17:59:36.376	L(-0,14,-0,47,0,14)	R(-0,09,-0,16,0,47)
17:59:37.404	L(-0,14,-0,47,0,14)	R(0,05,-0,17,0,36)
17:59:38.432	L(-0,14,-0,47,0,14)	R(0,05,-0,18,0,36)
17:59:39.460	L(-0,16,-0,46,0,14)	R(-0,09,-0,17,0,47)
17:59:40.487	L(-0,15,-0,46,0,14)	R(-0,09,-0,17,0,47)
17:59:41.515	L(-0,15,-0,47,0,14)	R(0,09,-0,10,0,30)
17:59:42.543	L(-0,15,-0,47,0,14)	R(0,07,-0,14,0,26)
17:59:43.570	L(-0,15,-0,47,0,14)	R(-0,01,-0,21,0,26)
17:59:44.598	L(-0,15,-0,47,0,14)	R(-0,04,-0,13,0,48)
17:59:45.626	L(-0,15,-0,47,0,14)	R(-0,08,-0,15,0,47)
17:59:46.654	L(-0,15,-0,47,0,14)	R(-0,06,-0,15,0,29)
17:59:47.681	L(-0,15,-0,47,0,14)	R(-0,06,-0,19,0,28)
17:59:48.709	L(-0,15,-0,47,0,14)	R(-0,05,-0,09,0,33)
17:59:49.737	L(-0,15,-0,47,0,14)	R(-0,08,-0,15,0,48)
17:59:50.764	L(-0,15,-0,47,0,14)	R(-0,06,-0,13,0,44)
17:59:51.793	L(-0,15,-0,47,0,14)	R(-0,06,-0,16,0,31)
17:59:52.820	L(-0,14,-0,47,0,13)	R(-0,06,-0,18,0,30)
17:59:53.848	L(-0,15,-0,47,0,14)	R(-0,08,-0,09,0,40)
17:59:54.876	L(-0,15,-0,47,0,14)	R(-0,10,-0,17,0,48)
17:59:55.903	L(-0,14,-0,47,0,14)	R(-0,07,-0,13,0,31)
17:59:56.931	L(-0,14,-0,47,0,14)	R(-0,05,-0,19,0,31)
17:59:57.959	L(-0,15,-0,47,0,14)	R(-0,06,-0,08,0,35)
17:59:58.986	L(-0,15,-0,47,0,14)	R(-0,08,-0,16,0,46)
18:00:00.015	L(-0,14,-0,47,0,13)	R(0,07,-0,13,0,31)
18:00:01.043	L(-0,14,-0,47,0,14)	R(0,10,-0,14,0,27)
18:00:02.070	L(-0,14,-0,47,0,13)	R(0,09,-0,17,0,27)
18:00:03.098	L(-0,14,-0,47,0,14)	R(0,09,-0,18,0,29)
18:00:04.126	L(-0,14,-0,47,0,14)	R(-0,01,-0,10,0,40)
18:00:05.154	L(-0,15,-0,47,0,14)	R(-0,10,-0,15,0,47)
18:00:06.182	L(-0,14,-0,47,0,14)	R(0,09,-0,16,0,29)
18:00:07.209	L(-0,14,-0,47,0,14)	R(0,10,-0,19,0,30)
18:00:08.237	L(-0,15,-0,47,0,14)	R(-0,07,-0,17,0,52)
18:00:09.265	L(-0,15,-0,47,0,14)	R(-0,03,-0,11,0,43)
18:00:10.292	L(-0,15,-0,47,0,14)	R(0,10,-0,17,0,34)
18:00:11.320	L(-0,15,-0,47,0,14)	R(0,11,-0,17,0,34)
18:00:12.347	L(-0,15,-0,47,0,14)	R(0,09,-0,17,0,35)
18:00:13.376	L(-0,15,-0,47,0,14)	R(0,10,-0,17,0,34)
18:00:14.403	L(-0,15,-0,47,0,14)	R(0,12,-0,18,0,34)
18:00:15.431	L(-0,14,-0,47,0,14)	R(0,09,-0,14,0,33)
18:00:16.459	L(-0,15,-0,47,0,14)	R(-0,06,-0,17,0,30)
18:00:17.486	L(-0,15,-0,47,0,14)	R(-0,08,-0,14,0,29)
18:00:18.515	L(-0,15,-0,47,0,14)	R(-0,09,-0,15,0,46)
18:00:19.543	L(-0,14,-0,47,0,14)	R(0,08,-0,14,0,35)
18:00:20.571	L(-0,15,-0,47,0,14)	R(0,09,-0,18,0,34)
18:00:21.598	L(-0,15,-0,47,0,14)	R(0,04,-0,08,0,35)
18:00:22.605	L(-0,15,-0,47,0,14)	R(0,01,-0,47,0,20)
18:00:23.639	L(-0,14,-0,47,0,14)	R(0,01,-0,48,0,20)
18:00:24.667	L(-0,15,-0,41,0,11)	R(0,01,-0,48,0,20)
18:00:25.695	L(-0,22,-0,08,0,02)	R(0,04,-0,32,0,16)
18:00:26.704	L(-0,21,-0,10,0,03)	R(0,13,-0,33,0,16)
18:00:27.751	L(-0,11,-0,05,0,07)	R(0,13,-0,30,0,17)
18:00:28.778	L(-0,15,-0,04,0,00)	R(0,10,-0,31,0,15)
18:00:29.805	L(-0,22,-0,07,0,20)	R(0,06,-0,32,0,13)
18:00:30.834	L(-0,25,-0,32,0,41)	R(-0,03,-0,02,0,41)
18:00:31.862	L(-0,26,-0,32,0,41)	R(-0,10,-0,15,0,48)
18:00:32.889	L(-0,20,-0,40,0,06)	R(0,02,0,02,0,34)
18:00:33.918	L(-0,17,-0,46,0,10)	R(0,11,-0,16,0,24)
18:00:34.945	L(-0,17,-0,46,0,09)	R(0,00,-0,20,0,25)
18:00:35.973	L(-0,17,-0,46,0,09)	R(-0,02,-0,13,0,22)
18:00:37.001	L(-0,17,-0,46,0,09)	R(-0,09,-0,17,0,47)
18:00:38.028	L(-0,17,-0,46,0,09)	R(-0,01,-0,05,0,32)
18:00:39.056	L(-0,17,-0,47,0,09)	R(-0,01,-0,19,0,28)
18:00:40.084	L(-0,16,-0,47,0,09)	R(-0,05,-0,03,0,29)
18:00:41.113	L(-0,17,-0,47,0,09)	R(-0,10,-0,16,0,46)
18:00:42.141	L(-0,17,-0,47,0,10)	R(-0,02,-0,07,0,31)
18:00:43.167	L(-0,17,-0,47,0,09)	R(0,00,-0,18,0,30)
18:00:44.195	L(-0,17,-0,46,0,09)	R(-0,01,-0,18,0,30)
18:00:45.223	L(-0,17,-0,47,0,09)	R(-0,10,-0,14,0,51)
18:00:46.251	L(-0,17,-0,47,0,09)	R(-0,09,-0,10,0,46)
18:00:47.278	L(-0,17,-0,47,0,09)	R(-0,01,-0,15,0,32)
18:00:48.306	L(-0,17,-0,47,0,09)	R(-0,01,-0,18,0,32)
18:00:49.334	L(-0,17,-0,47,0,09)	R(-0,09,-0,06,0,33)
18:00:50.362	L(-0,17,-0,47,0,09)	R(-0,09,-0,15,0,47)
18:00:51.390	L(-0,17,-0,47,0,09)	R(0,14,-0,08,0,25)
18:00:52.418	L(-0,17,-0,47,0,09)	R(0,13,-0,18,0,29)
18:00:53.445	L(-0,17,-0,47,0,09)	R(-0,02,-0,07,0,44)
18:00:54.473	L(-0,17,-0,47,0,09)	R(-0,08,-0,14,0,45)
18:00:55.501	L(-0,17,-0,47,0,09)	R(0,14,-0,16,0,33)
18:00:56.528	L(-0,17,-0,47,0,09)	R(0,15,-0,14,0,33)
18:00:57.557	L(-0,17,-0,47,0,09)	R(-0,09,-0,16,0,48)
18:00:58.584	L(-0,17,-0,47,0,09)	R(0,09,-0,11,0,31)
18:00:59.612	L(-0,17,-0,47,0,09)	R(0,14,-0,17,0,34)
18:01:00.640	L(-0,17,-0,47,0,09)	R(-0,06,-0,11,0,48)
18:01:01.668	L(-0,17,-0,47,0,09)	R(-0,09,-0,15,0,47)
18:01:02.695	L(-0,17,-0,47,0,09)	R(0,13,-0,11,0,32)
18:01:03.723	L(-0,17,-0,47,0,09)	R(0,14,-0,18,0,36)
18:01:04.751	L(-0,17,-0,47,0,09)	R(0,01,-0,09,0,45)
18:01:05.779	L(-0,17,-0,47,0,09)	R(-0,08,-0,14,0,46)
18:01:06.806	L(-0,17,-0,47,0,09)	R(0,11,-0,14,0,23)
18:01:07.834	L(-0,17,-0,47,0,09)	R(0,08,-0,20,0,20)
18:01:08.863	L(-0,16,-0,47,0,09)	R(0,00,-0,16,0,22)
18:01:09.890	L(-0,16,-0,47,0,09)	R(0,02,-0,16,0,22)
18:01:10.918	L(-0,17,-0,47,0,09)	R(0,02,-0,19,0,27)
18:01:11.945	L(-0,17,-0,47,0,09)	R(-0,15,-0,12,0,30)
18:01:12.974	L(-0,17,-0,47,0,09)	R(-0,11,-0,17,0,47)
18:01:14.001	L(-0,17,-0,47,0,09)	R(0,02,-0,11,0,29)
18:01:15.029	L(-0,17,-0,47,0,09)	R(0,03,-0,20,0,27)
18:01:16.056	L(-0,17,-0,47,0,09)	R(-0,13,-0,11,0,45)
18:01:17.084	L(-0,17,-0,47,0,09)	R(-0,09,-0,11,0,46)
18:01:18.112	L(-0,17,-0,47,0,09)	R(0,00,-0,16,0,31)
18:01:19.140	L(-0,16,-0,47,0,09)	R(0,01,-0,17,0,31)
18:01:20.168	L(-0,17,-0,47,0,09)	R(-0,11,-0,15,0,47)
18:01:21.195	L(-0,17,-0,47,0,09)	R(-0,04,-0,07,0,40)
18:01:22.223	L(-0,17,-0,47,0,09)	R(0,02,-0,16,0,32)
18:01:23.251	L(-0,16,-0,47,0,09)	R(-0,04,-0,10,0,31)
18:01:24.279	L(-0,17,-0,47,0,09)	R(-0,10,-0,15,0,47)
18:01:25.307	L(-0,16,-0,47,0,09)	R(0,13,-0,13,0,30)
18:01:26.334	L(-0,16,-0,47,0,09)	R(0,19,-0,12,0,26)
18:01:27.362	L(-0,16,-0,47,0,09)	R(0,18,-0,18,0,30)
18:01:28.391	L(-0,17,-0,47,0,09)	R(-0,09,-0,15,0,50)
18:01:29.418	L(-0,17,-0,47,0,09)	R(0,02,-0,08,0,39)
18:01:30.445	L(-0,17,-0,47,0,09)	R(0,18,-0,17,0,31)
18:01:31.473	L(-0,17,-0,47,0,09)	R(-0,07,-0,11,0,47)
18:01:32.501	L(-0,17,-0,47,0,09)	R(-0,10,-0,15,0,46)
18:01:33.528	L(-0,17,-0,47,0,09)	R(0,18,-0,13,0,34)
18:01:34.556	L(-0,17,-0,47,0,09)	R(0,18,-0,15,0,34)
18:01:35.585	L(-0,17,-0,47,0,09)	R(-0,09,-0,16,0,49)
18:01:36.612	L(-0,16,-0,47,0,09)	R(0,17,-0,15,0,38)
18:01:37.640	L(-0,17,-0,47,0,09)	R(0,18,-0,16,0,36)
18:01:38.667	L(-0,17,-0,47,0,09)	R(-0,11,-0,15,0,48)
18:01:39.696	L(-0,17,-0,47,0,09)	R(-0,08,-0,13,0,44)
18:01:40.723	L(-0,16,-0,47,0,09)	R(0,05,-0,17,0,27)
18:01:41.751	L(-0,16,-0,47,0,09)	R(0,04,-0,18,0,28)
18:01:42.779	L(-0,17,-0,47,0,09)	R(0,02,-0,16,0,27)
18:01:43.806	L(-0,17,-0,47,0,09)	R(-0,10,-0,15,0,49)
18:01:44.835	L(-0,17,-0,47,0,09)	R(-0,01,-0,08,0,38)
18:01:45.862	L(-0,16,-0,47,0,09)	R(0,05,-0,19,0,27)
18:01:46.890	L(-0,16,-0,47,0,09)	R(-0,02,-0,11,0,31)
18:01:47.917	L(-0,17,-0,47,0,09)	R(-0,11,-0,17,0,45)
18:01:48.945	L(-0,17,-0,47,0,09)	R(0,04,-0,17,0,32)
18:01:49.973	L(-0,16,-0,47,0,09)	R(0,06,-0,18,0,31)
18:01:51.001	L(-0,17,-0,47,0,09)	R(-0,11,-0,18,0,48)
18:01:52.028	L(-0,17,-0,47,0,09)	R(-0,04,-0,06,0,39)
18:01:53.056	L(-0,16,-0,47,0,09)	R(0,07,-0,17,0,31)
18:01:54.084	L(-0,16,-0,47,0,09)	R(0,05,-0,17,0,31)
18:01:55.112	L(-0,17,-0,47,0,09)	R(-0,13,-0,16,0,46)
18:01:56.140	L(-0,17,-0,47,0,09)	R(-0,09,-0,15,0,46)
18:01:57.167	L(-0,17,-0,47,0,09)	R(0,14,-0,13,0,29)
18:01:58.195	L(-0,17,-0,47,0,09)	R(0,19,-0,12,0,30)
18:01:59.223	L(-0,17,-0,47,0,09)	R(-0,10,-0,16,0,47)
18:02:00.251	L(-0,17,-0,47,0,09)	R(0,18,-0,13,0,36)
18:02:01.278	L(-0,17,-0,47,0,09)	R(0,21,-0,14,0,31)
18:02:02.306	L(-0,17,-0,47,0,09)	R(-0,09,-0,16,0,49)
18:02:03.334	L(-0,17,-0,47,0,09)	R(0,03,-0,09,0,39)
18:02:04.362	L(-0,16,-0,47,0,09)	R(0,21,-0,16,0,32)
18:02:05.391	L(-0,17,-0,47,0,09)	R(-0,10,-0,17,0,49)
18:02:06.418	L(-0,17,-0,47,0,09)	R(0,07,-0,11,0,39)
18:02:07.445	L(-0,16,-0,47,0,09)	R(0,21,-0,16,0,35)
18:02:08.472	L(-0,14,-0,43,0,11)	R(0,13,-0,29,0,13)
18:02:09.502	L(-0,14,-0,46,0,11)	R(0,14,-0,27,0,09)
18:02:10.536	L(-0,14,-0,46,0,11)	R(0,35,-0,17,0,04)
18:02:11.549	L(-0,14,-0,46,0,11)	R(0,54,-0,20,0,06)
18:02:12.563	L(-0,14,-0,46,0,11)	R(0,57,-0,09,0,09)
18:02:13.603	L(-0,14,-0,46,0,11)	R(0,56,-0,10,0,09)
18:02:14.631	L(-0,14,-0,46,0,11)	R(0,50,-0,10,0,09)
18:02:15.645	L(-0,14,-0,46,0,11)	R(0,56,-0,10,0,11)
18:02:16.673	L(-0,14,-0,46,0,11)	R(0,54,-0,09,0,11)
18:02:17.682	L(-0,14,-0,47,0,11)	R(0,55,-0,19,0,07)
18:02:18.721	L(-0,14,-0,46,0,11)	R(0,54,-0,19,0,08)
18:02:19.751	L(-0,14,-0,46,0,11)	R(0,55,-0,19,0,09)
18:02:20.779	L(-0,14,-0,46,0,11)	R(0,55,-0,19,0,09)
18:02:21.806	L(-0,14,-0,47,0,11)	R(0,56,-0,19,0,08)
18:02:22.834	L(-0,14,-0,47,0,11)	R(0,63,-0,18,0,10)
18:02:23.856	L(-0,14,-0,46,0,11)	R(0,49,-0,15,0,05)
18:02:24.896	L(-0,14,-0,47,0,11)	R(0,57,-0,07,0,08)
18:02:25.909	L(-0,14,-0,47,0,11)	R(0,56,-0,18,0,09)
18:02:26.920	L(-0,14,-0,46,0,11)	R(0,32,-0,20,0,09)
18:02:27.945	L(-0,14,-0,46,0,11)	R(0,31,-0,22,0,10)
18:02:28.973	L(-0,14,-0,46,0,11)	R(0,31,-0,22,0,11)
18:02:29.983	L(-0,14,-0,47,0,11)	R(0,30,-0,22,0,10)
18:02:30.993	L(-0,14,-0,46,0,11)	R(0,30,-0,22,0,10)
18:02:32.001	L(-0,15,-0,46,0,11)	R(-0,07,-0,24,0,14)
18:02:33.029	L(-0,15,-0,47,0,11)	R(-0,15,-0,19,0,33)
18:02:34.056	L(-0,14,-0,47,0,11)	R(0,03,-0,10,0,25)
18:02:35.084	L(-0,14,-0,47,0,11)	R(0,05,-0,18,0,27)
18:02:36.091	L(-0,14,-0,47,0,11)	R(0,04,-0,20,0,26)
18:02:37.139	L(-0,14,-0,47,0,11)	R(-0,08,-0,36,0,16)
18:02:38.182	L(-0,14,-0,47,0,12)	R(0,51,-0,22,0,05)
18:02:39.210	L(-0,14,-0,47,0,11)	R(0,29,-0,23,0,09)
18:02:40.251	L(-0,14,-0,47,0,12)	R(0,14,-0,30,0,10)
18:02:41.278	L(-0,14,-0,47,0,12)	R(0,22,-0,24,0,15)
18:02:42.306	L(-0,14,-0,47,0,11)	R(0,29,-0,21,0,30)
18:02:43.334	L(-0,14,-0,47,0,12)	R(0,25,-0,15,0,25)
18:02:44.376	L(-0,14,-0,47,0,11)	R(0,00,-0,18,0,25)
18:02:45.404	L(-0,14,-0,47,0,11)	R(-0,04,-0,20,0,26)
18:02:46.445	L(-0,15,-0,47,0,11)	R(-0,05,-0,19,0,22)
18:02:47.486	L(-0,14,-0,47,0,12)	R(0,34,-0,14,0,44)
18:02:48.528	L(-0,14,-0,47,0,12)	R(0,28,-0,19,0,37)
18:02:49.556	L(-0,14,-0,47,0,12)	R(0,07,-0,18,0,23)
18:02:50.584	L(-0,15,-0,47,0,11)	R(0,00,-0,20,0,26)
18:02:51.625	L(-0,15,-0,47,0,11)	R(0,01,-0,20,0,26)
18:02:52.667	L(-0,15,-0,47,0,11)	R(0,01,-0,20,0,26)
18:02:53.709	L(-0,15,-0,47,0,11)	R(0,14,-0,16,0,24)
18:02:54.751	L(-0,14,-0,47,0,12)	R(0,26,-0,19,0,33)
18:02:55.778	L(-0,14,-0,47,0,12)	R(0,19,-0,16,0,25)
18:02:56.820	L(-0,15,-0,47,0,11)	R(0,05,-0,20,0,26)
18:02:57.861	L(-0,15,-0,47,0,11)	R(0,27,-0,15,0,34)
18:02:58.903	L(-0,14,-0,47,0,12)	R(0,26,-0,20,0,33)
18:02:59.945	L(-0,15,-0,47,0,12)	R(0,11,-0,18,0,26)
18:03:00.987	L(-0,15,-0,47,0,11)	R(0,09,-0,20,0,26)
18:03:02.027	L(-0,14,-0,47,0,11)	R(0,24,-0,18,0,34)
18:03:03.028	L(-0,14,-0,47,0,12)	R(0,27,-0,21,0,36)
18:03:04.070	L(-0,14,-0,47,0,12)	R(0,25,-0,20,0,33)
18:03:05.112	L(-0,15,-0,47,0,12)	R(0,14,-0,20,0,26)
18:03:06.153	L(-0,15,-0,47,0,11)	R(0,27,-0,11,0,21)
18:03:07.183	L(-0,14,-0,47,0,12)	R(0,54,-0,07,0,07)
18:03:08.211	L(-0,14,-0,47,0,12)	R(0,43,-0,15,0,00)
18:03:09.239	L(-0,14,-0,47,0,12)	R(0,49,-0,19,0,03)
18:03:10.265	L(-0,14,-0,47,0,12)	R(0,23,-0,25,0,09)
18:03:11.292	L(-0,14,-0,47,0,12)	R(0,23,-0,25,0,09)
18:03:12.334	L(-0,14,-0,47,0,12)	R(0,23,-0,25,0,09)
18:03:13.376	L(-0,14,-0,47,0,11)	R(0,23,-0,25,0,09)
18:03:14.417	L(-0,14,-0,47,0,12)	R(0,23,-0,25,0,10)
18:03:15.443	L(-0,15,-0,47,0,13)	R(0,20,-0,20,0,18)
18:03:16.484	L(-0,14,-0,47,0,13)	R(0,24,-0,22,0,19)
18:03:17.514	L(-0,15,-0,47,0,12)	R(0,23,-0,22,0,16)
18:03:18.556	L(-0,15,-0,47,0,12)	R(0,21,-0,22,0,17)
18:03:19.584	L(-0,15,-0,47,0,12)	R(0,21,-0,22,0,17)
18:03:20.625	L(-0,16,-0,47,0,12)	R(0,21,-0,22,0,17)
18:03:21.668	L(-0,15,-0,47,0,12)	R(0,23,-0,23,0,18)
18:03:22.696	L(-0,15,-0,47,0,12)	R(0,23,-0,23,0,18)
18:03:23.723	L(-0,15,-0,47,0,13)	R(0,22,-0,23,0,17)
18:03:24.751	L(-0,15,-0,47,0,12)	R(0,22,-0,23,0,17)
18:03:25.779	L(-0,15,-0,47,0,12)	R(0,22,-0,23,0,17)
18:03:26.806	L(-0,15,-0,47,0,12)	R(0,22,-0,23,0,17)
18:03:27.834	L(-0,15,-0,47,0,13)	R(0,22,-0,23,0,17)
18:03:28.875	L(-0,15,-0,47,0,12)	R(0,22,-0,23,0,17)
18:03:29.903	L(-0,15,-0,47,0,12)	R(0,22,-0,23,0,17)
18:03:30.945	L(-0,15,-0,47,0,12)	R(0,22,-0,22,0,17)
18:03:31.986	L(-0,15,-0,47,0,12)	R(0,22,-0,22,0,17)
18:03:33.027	L(-0,15,-0,48,0,14)	R(0,23,-0,24,0,21)
18:03:34.027	L(-0,15,-0,48,0,13)	R(0,23,-0,24,0,18)
18:03:35.070	L(-0,15,-0,47,0,13)	R(0,24,-0,24,0,18)
18:03:36.112	L(-0,15,-0,47,0,13)	R(0,23,-0,23,0,18)
18:03:37.140	L(-0,15,-0,47,0,13)	R(0,23,-0,23,0,17)
18:03:38.150	L(-0,09,-0,48,0,11)	R(0,23,-0,23,0,18)
18:03:39.181	L(-0,11,-0,47,0,18)	R(0,23,-0,25,0,18)
18:03:40.223	L(-0,11,-0,49,0,18)	R(0,23,-0,24,0,18)
18:03:41.251	L(-0,11,-0,49,0,18)	R(0,23,-0,24,0,18)
18:03:42.280	L(-0,11,-0,49,0,18)	R(0,23,-0,24,0,18)
18:03:43.314	L(-0,11,-0,48,0,18)	R(0,23,-0,24,0,18)
18:03:44.346	L(-0,11,-0,48,0,18)	R(0,23,-0,24,0,18)
18:03:45.377	L(-0,11,-0,49,0,18)	R(0,30,0,15,0,45)
18:03:46.404	L(-0,08,-0,50,0,14)	R(0,26,-0,24,0,13)
18:03:47.431	L(-0,09,-0,49,0,19)	R(0,24,-0,25,0,15)
18:03:48.459	L(-0,09,-0,49,0,18)	R(0,24,-0,25,0,15)
18:03:49.501	L(-0,09,-0,49,0,18)	R(0,24,-0,25,0,15)
18:03:50.528	L(-0,09,-0,47,0,17)	R(0,25,-0,25,0,15)
18:03:51.556	L(-0,09,-0,47,0,18)	R(0,24,-0,25,0,15)
18:03:52.584	L(-0,11,-0,46,0,18)	R(0,18,-0,22,0,18)
18:03:53.624	L(-0,16,-0,30,0,17)	R(0,19,-0,22,0,21)
18:03:54.624	L(-0,11,-0,12,0,09)	R(0,20,-0,23,0,17)
18:03:55.666	L(-0,09,-0,09,0,07)	R(0,21,-0,22,0,16)
18:03:56.710	L(-0,07,-0,03,0,09)	R(0,20,-0,24,0,16)
18:03:57.744	L(-0,09,-0,03,0,09)	R(0,15,-0,39,0,18)
18:03:58.748	L(-0,09,-0,03,0,30)	R(0,26,-0,11,0,35)
18:03:59.762	L(-0,05,-0,02,0,16)	R(0,07,-0,12,0,10)
18:04:00.798	L(-0,10,-0,04,0,10)	R(0,12,-0,19,0,11)
18:04:01.825	L(-0,12,-0,04,0,09)	R(0,10,-0,07,0,06)
18:04:02.837	L(-0,18,-0,02,-0,10)	R(0,00,-0,05,0,04)
18:04:03.845	L(-0,19,-0,06,0,00)	R(0,24,-0,32,0,00)
18:04:04.849	L(-0,08,-0,06,0,05)	R(0,21,-0,29,0,06)
18:04:05.903	L(-0,01,-0,07,0,09)	R(0,16,-0,09,-0,04)
18:04:06.957	L(-0,09,-0,06,0,04)	R(0,16,-0,05,-0,06)
18:04:07.984	L(-0,11,-0,14,0,16)	R(0,10,-0,44,0,21)
18:04:08.998	L(-0,09,-0,06,-0,04)	R(0,14,-0,09,-0,10)
18:04:10.043	L(-0,03,-0,04,-0,08)	R(0,17,-0,08,-0,14)
18:04:11.084	L(-0,03,-0,44,-0,02)	R(0,23,-0,19,-0,01)
18:04:12.113	L(-0,06,-0,18,-0,23)	R(0,23,-0,16,-0,08)
18:04:13.135	L(-0,03,-0,23,-0,28)	R(0,15,-0,20,-0,15)
18:04:14.180	L(0,02,-0,23,-0,32)	R(0,26,-0,15,-0,16)
18:04:15.210	L(0,03,-0,23,-0,32)	R(0,25,-0,16,-0,13)
18:04:16.238	L(0,03,-0,23,-0,32)	R(0,25,-0,16,-0,13)
18:04:17.265	L(0,02,-0,24,-0,25)	R(0,17,-0,14,0,09)
18:04:18.294	L(-0,01,-0,25,-0,24)	R(0,08,-0,18,0,23)
18:04:19.321	L(0,00,-0,25,-0,24)	R(0,11,-0,16,0,10)
18:04:20.349	L(-0,01,-0,25,-0,25)	R(0,12,-0,27,0,04)
18:04:21.377	L(-0,01,-0,25,-0,24)	R(0,13,-0,27,0,05)
18:04:22.404	L(-0,01,-0,25,-0,25)	R(0,13,-0,27,0,05)
18:04:23.432	L(-0,01,-0,25,-0,25)	R(0,13,-0,28,0,05)
18:04:24.460	L(0,00,-0,24,-0,24)	R(0,31,0,14,0,21)
18:04:25.487	L(0,00,-0,25,-0,24)	R(0,30,0,13,0,21)
18:04:26.515	L(-0,01,-0,28,-0,14)	R(0,20,-0,01,0,39)
18:04:27.542	L(-0,03,-0,31,-0,03)	R(0,08,-0,13,0,53)
18:04:28.570	L(-0,04,-0,30,-0,04)	R(0,08,-0,10,0,51)
18:04:29.612	L(0,00,-0,15,-0,13)	R(0,29,-0,11,0,06)
18:04:30.640	L(0,02,-0,08,-0,18)	R(0,30,-0,20,0,01)
18:04:31.667	L(0,01,-0,10,-0,17)	R(0,29,-0,21,0,02)
18:04:32.696	L(-0,04,-0,27,-0,13)	R(0,28,-0,22,0,03)
18:04:33.723	L(-0,03,-0,27,-0,14)	R(0,28,-0,22,0,03)
18:04:34.752	L(-0,03,-0,27,-0,14)	R(0,28,-0,21,0,02)
18:04:35.779	L(-0,03,-0,27,-0,14)	R(0,28,-0,21,0,02)
18:04:36.806	L(0,00,-0,27,-0,14)	R(0,27,-0,16,0,15)
18:04:37.835	L(-0,02,-0,28,-0,13)	R(0,28,-0,20,0,29)
18:04:38.863	L(-0,05,-0,45,-0,02)	R(0,07,-0,46,0,07)
18:04:39.890	L(-0,05,-0,45,-0,02)	R(0,08,-0,43,0,09)
18:04:40.918	L(-0,05,-0,45,-0,02)	R(0,08,-0,42,0,08)
18:04:41.945	L(-0,06,-0,45,-0,02)	R(0,01,-0,21,0,24)
18:04:42.974	L(-0,06,-0,45,-0,02)	R(-0,02,-0,20,0,25)
18:04:44.001	L(-0,06,-0,45,-0,02)	R(-0,01,-0,18,0,23)
18:04:45.030	L(-0,06,-0,45,-0,02)	R(-0,03,-0,19,0,26)
18:04:46.057	L(-0,06,-0,45,-0,03)	R(0,04,-0,25,0,13)
18:04:47.085	L(-0,05,-0,44,-0,03)	R(0,38,-0,16,0,03)
18:04:48.112	L(-0,05,-0,44,-0,03)	R(0,30,-0,19,0,03)
18:04:49.141	L(0,00,-0,36,-0,02)	R(0,38,-0,15,0,05)
18:04:50.168	L(0,04,-0,10,-0,11)	R(0,62,-0,07,0,06)
18:04:51.209	L(0,00,-0,10,-0,12)	R(0,25,-0,22,0,00)
18:04:52.237	L(0,01,-0,07,-0,11)	R(0,26,-0,34,-0,04)
18:04:53.265	L(0,11,-0,05,0,06)	R(0,29,-0,41,0,01)
18:04:54.294	L(0,11,-0,05,0,10)	R(0,23,-0,48,0,04)
18:04:55.348	L(0,07,-0,05,0,06)	R(0,25,-0,36,0,03)
18:04:56.390	L(0,09,-0,07,0,07)	R(0,23,-0,20,-0,02)
18:04:57.418	L(0,12,-0,06,0,06)	R(0,28,-0,52,0,01)
18:04:58.445	L(0,11,-0,07,0,06)	R(0,23,-0,49,0,02)
18:04:59.473	L(0,10,-0,06,0,06)	R(0,23,-0,49,0,02)
18:05:00.501	L(0,09,-0,07,0,06)	R(0,23,-0,49,0,02)
18:05:01.542	L(0,09,-0,06,0,06)	R(0,23,-0,49,0,02)
18:05:02.584	L(0,09,-0,06,0,05)	R(0,23,-0,49,0,02)
18:05:03.627	L(0,11,-0,03,-0,14)	R(0,46,-0,16,-0,18)
18:05:04.655	L(0,12,-0,05,-0,25)	R(0,37,-0,31,-0,12)
18:05:05.682	L(0,14,-0,05,-0,29)	R(0,37,-0,29,-0,18)
18:05:06.710	L(0,15,-0,05,-0,30)	R(0,37,-0,29,-0,18)
18:05:07.738	L(0,15,-0,05,-0,30)	R(0,27,-0,31,-0,23)
18:05:08.766	L(0,11,-0,07,-0,25)	R(0,34,-0,11,-0,30)
18:05:09.791	L(-0,07,-0,09,0,02)	R(0,14,-0,11,-0,01)
18:05:10.792	L(-0,08,-0,07,-0,03)	R(0,11,-0,15,-0,01)
18:05:11.832	L(-0,07,-0,06,-0,01)	R(0,12,-0,15,0,01)
18:05:12.860	L(-0,09,-0,05,-0,03)	R(-0,03,-0,45,0,25)
18:05:13.888	L(-0,07,-0,07,0,02)	R(-0,02,-0,48,0,28)
18:05:14.888	L(-0,08,-0,08,0,02)	R(-0,02,-0,48,0,28)
18:05:15.918	L(-0,07,-0,07,0,01)	R(-0,02,-0,48,0,28)
18:05:16.946	L(-0,07,-0,06,0,01)	R(-0,02,-0,48,0,28)
18:05:17.986	L(0,09,-0,32,0,20)	R(-0,02,-0,48,0,28)
18:05:19.029	L(0,02,-0,04,0,06)	R(-0,02,-0,48,0,28)
18:05:20.057	L(0,03,-0,03,0,15)	R(0,10,-0,17,0,70)
18:05:21.085	L(0,11,-0,05,0,03)	R(0,00,-0,42,0,34)
18:05:22.113	L(0,05,-0,04,0,05)	R(-0,02,-0,45,0,34)
18:05:23.132	L(0,01,-0,04,0,06)	R(-0,02,-0,45,0,36)
18:05:24.168	L(0,02,-0,04,0,06)	R(-0,01,-0,45,0,37)
18:05:25.179	L(0,03,-0,03,0,38)	R(0,13,-0,21,0,95)
18:05:26.192	L(0,06,-0,05,0,34)	R(0,06,-0,19,0,55)
18:05:27.213	L(-0,05,-0,05,0,18)	R(0,05,-0,13,0,15)
18:05:28.249	L(-0,01,-0,04,0,08)	R(0,05,-0,03,0,07)
18:05:29.291	L(-0,22,-0,31,0,16)	R(0,10,-0,27,0,19)
18:05:30.334	L(-0,22,-0,34,0,09)	R(0,09,-0,22,0,21)
18:05:31.378	L(-0,22,-0,35,0,09)	R(0,09,-0,21,0,24)
18:05:32.421	L(-0,25,-0,36,0,09)	R(0,08,-0,11,0,25)
18:05:33.463	L(-0,26,-0,36,0,08)	R(0,04,-0,11,0,25)
18:05:34.500	L(-0,26,-0,37,0,07)	R(0,04,-0,11,0,23)
18:05:35.528	L(-0,15,-0,26,0,12)	R(0,09,-0,25,0,13)
18:05:36.570	L(-0,14,-0,25,0,11)	R(0,09,-0,25,0,13)
18:05:37.611	L(-0,13,-0,21,0,15)	R(0,13,-0,21,0,14)
18:05:38.650	L(-0,14,-0,20,0,21)	R(0,10,-0,17,0,19)
18:05:39.655	L(-0,17,-0,25,0,11)	R(0,03,-0,18,0,28)
18:05:40.656	L(-0,18,-0,26,0,11)	R(0,01,-0,20,0,28)
18:05:41.699	L(-0,25,-0,25,0,05)	R(0,02,-0,15,0,34)
18:05:42.738	L(-0,24,-0,26,0,04)	R(0,01,-0,12,0,32)
18:05:43.778	L(-0,22,-0,27,0,04)	R(0,00,-0,10,0,31)
18:05:44.820	L(-0,17,-0,31,0,14)	R(0,07,-0,18,0,29)
18:05:45.865	L(-0,17,-0,29,0,13)	R(0,01,-0,11,0,27)
18:05:46.906	L(-0,26,-0,29,0,03)	R(0,02,-0,14,0,31)
18:05:47.944	L(-0,26,-0,29,0,04)	R(0,02,-0,12,0,28)
18:05:48.986	L(-0,11,-0,34,0,19)	R(0,26,-0,09,0,41)
18:05:50.028	L(-0,13,-0,34,0,18)	R(0,26,-0,17,0,35)
18:05:51.070	L(-0,13,-0,34,0,18)	R(0,25,-0,17,0,33)
18:05:52.111	L(-0,12,-0,43,0,22)	R(0,15,-0,12,0,25)
18:05:53.111	L(-0,11,-0,50,0,24)	R(0,06,-0,14,0,20)
18:05:54.154	L(-0,11,-0,50,0,24)	R(-0,02,-0,20,0,31)
18:05:55.195	L(-0,11,-0,50,0,24)	R(-0,02,-0,21,0,33)
18:05:56.237	L(-0,11,-0,50,0,24)	R(-0,02,-0,21,0,32)
18:05:57.279	L(-0,11,-0,50,0,24)	R(-0,03,-0,21,0,32)
18:05:58.320	L(-0,11,-0,50,0,24)	R(-0,03,-0,21,0,32)
18:05:59.361	L(-0,10,-0,50,0,25)	R(0,32,-0,12,0,41)
18:06:00.403	L(-0,11,-0,50,0,25)	R(0,25,-0,15,0,31)
18:06:01.445	L(-0,11,-0,50,0,25)	R(0,36,-0,19,0,28)
18:06:02.485	L(-0,11,-0,50,0,25)	R(0,24,-0,19,0,33)
18:06:03.527	L(-0,11,-0,49,0,25)	R(0,05,-0,16,0,30)
18:06:04.570	L(-0,11,-0,50,0,25)	R(0,01,-0,18,0,31)
18:06:05.611	L(-0,11,-0,49,0,25)	R(0,02,-0,19,0,31)
18:06:06.654	L(-0,11,-0,49,0,25)	R(0,01,-0,20,0,31)
18:06:07.695	L(-0,11,-0,49,0,25)	R(0,03,-0,17,0,31)
18:06:08.736	L(-0,11,-0,50,0,25)	R(0,03,-0,20,0,31)
18:06:09.778	L(-0,11,-0,50,0,25)	R(0,17,-0,15,0,31)
18:06:10.820	L(-0,11,-0,49,0,25)	R(0,25,-0,18,0,37)
18:06:11.861	L(-0,11,-0,50,0,25)	R(0,23,-0,17,0,31)
18:06:12.903	L(-0,11,-0,49,0,25)	R(0,06,-0,19,0,31)
18:06:13.945	L(-0,11,-0,49,0,25)	R(0,05,-0,19,0,30)
18:06:14.986	L(-0,11,-0,49,0,25)	R(0,05,-0,19,0,30)
18:06:16.028	L(-0,11,-0,49,0,25)	R(0,25,-0,16,0,38)
18:06:17.070	L(-0,11,-0,50,0,25)	R(0,24,-0,20,0,33)
18:06:18.112	L(-0,11,-0,50,0,25)	R(0,10,-0,17,0,30)
18:06:19.154	L(-0,11,-0,50,0,25)	R(0,09,-0,19,0,30)
18:06:20.195	L(-0,11,-0,50,0,25)	R(0,09,-0,19,0,27)
18:06:21.237	L(-0,12,-0,51,0,25)	R(0,12,-0,18,0,18)
18:06:22.264	L(-0,12,-0,51,0,25)	R(0,16,-0,18,0,18)
18:06:23.293	L(-0,12,-0,51,0,26)	R(0,14,-0,19,0,18)
18:06:24.321	L(-0,12,-0,51,0,26)	R(0,37,-0,22,0,27)
18:06:25.348	L(-0,12,-0,51,0,26)	R(0,27,-0,19,0,24)
18:06:26.390	L(-0,12,-0,51,0,25)	R(0,18,-0,12,0,19)
18:06:27.419	L(-0,12,-0,51,0,25)	R(0,21,-0,16,0,20)
18:06:28.460	L(-0,12,-0,50,0,25)	R(0,24,-0,21,0,26)
18:06:29.488	L(-0,11,-0,50,0,25)	R(0,54,-0,18,0,06)
18:06:30.516	L(-0,11,-0,50,0,25)	R(0,24,-0,18,0,04)
18:06:31.542	L(-0,12,-0,50,0,25)	R(0,26,-0,21,0,25)
18:06:32.584	L(-0,12,-0,50,0,25)	R(0,20,-0,17,0,23)
18:06:33.625	L(-0,12,-0,51,0,25)	R(0,11,-0,06,0,19)
18:06:34.667	L(-0,12,-0,51,0,26)	R(0,18,-0,15,0,15)
18:06:35.709	L(-0,10,-0,51,0,24)	R(0,18,-0,15,0,16)
18:06:36.737	L(-0,13,-0,11,0,04)	R(0,18,-0,15,0,16)
18:06:37.778	L(-0,17,-0,06,0,07)	R(0,15,-0,18,0,20)
18:06:38.820	L(-0,18,-0,07,0,07)	R(0,16,-0,18,0,19)
18:06:39.862	L(-0,18,-0,08,0,07)	R(0,16,-0,18,0,19)
18:06:40.905	L(-0,26,-0,03,-0,04)	R(0,15,-0,18,0,19)
18:06:41.918	L(-0,21,-0,06,0,04)	R(0,14,-0,18,0,19)
18:06:42.959	L(-0,21,-0,06,0,04)	R(0,14,-0,18,0,20)
18:06:44.001	L(-0,21,-0,06,0,04)	R(0,14,-0,18,0,20)
18:06:45.028	L(-0,21,-0,06,0,05)	R(0,14,-0,19,0,20)
18:06:46.070	L(-0,23,-0,06,0,04)	R(0,14,-0,19,0,20)
18:06:47.112	L(-0,23,-0,06,0,04)	R(0,14,-0,19,0,20)
18:06:48.155	L(-0,09,-0,04,0,10)	R(0,13,-0,21,0,23)
18:06:49.182	L(-0,16,-0,05,0,10)	R(0,12,-0,25,0,25)
18:06:50.223	L(-0,20,-0,05,0,05)	R(0,12,-0,23,0,23)
18:06:51.264	L(-0,20,-0,06,0,06)	R(0,11,-0,24,0,24)
18:06:52.306	L(-0,20,-0,05,0,05)	R(0,11,-0,24,0,24)
18:06:53.347	L(-0,20,-0,06,0,06)	R(0,11,-0,23,0,24)
18:06:54.392	L(-0,26,-0,04,-0,01)	R(0,11,-0,24,0,24)
18:06:55.412	L(-0,27,-0,03,-0,04)	R(0,11,-0,23,0,23)
18:06:56.415	L(-0,23,-0,06,0,04)	R(0,10,-0,23,0,23)
18:06:57.459	L(-0,22,-0,08,0,07)	R(0,11,-0,15,0,10)
18:06:58.501	L(-0,23,-0,05,0,04)	R(0,09,-0,24,0,24)
18:06:59.543	L(-0,22,-0,05,0,04)	R(0,11,-0,24,0,24)
18:07:00.571	L(-0,22,-0,05,0,04)	R(0,12,-0,24,0,24)
18:07:01.599	L(-0,22,-0,05,0,03)	R(0,12,-0,23,0,24)
18:07:02.626	L(-0,23,-0,05,0,03)	R(0,12,-0,23,0,24)
18:07:03.654	L(-0,23,-0,05,0,03)	R(0,12,-0,23,0,24)
18:07:04.682	L(-0,23,-0,05,0,02)	R(0,12,-0,23,0,24)
18:07:05.709	L(-0,23,-0,05,0,03)	R(0,12,-0,24,0,24)
18:07:06.737	L(-0,16,-0,06,0,08)	R(0,11,-0,24,0,24)
18:07:07.779	L(-0,18,-0,09,0,10)	R(0,11,-0,24,0,25)
18:07:08.821	L(-0,20,-0,08,0,08)	R(0,11,-0,25,0,25)
18:07:09.863	L(-0,08,-0,06,0,12)	R(0,12,-0,22,0,24)
18:07:10.903	L(-0,17,-0,11,0,15)	R(0,11,-0,09,0,11)
18:07:11.945	L(-0,22,-0,07,0,07)	R(0,04,-0,08,0,10)
18:07:12.986	L(-0,23,-0,04,-0,01)	R(0,04,-0,10,0,09)
18:07:14.028	L(-0,18,-0,08,0,08)	R(0,07,-0,08,0,23)
18:07:18.686	L(-0,13,-0,44,0,15)	R(0,12,-0,17,0,19)
18:07:19.688	L(-0,19,-0,19,0,07)	R(0,16,-0,13,0,16)
18:07:20.689	L(-0,19,0,02,-0,07)	R(0,13,-0,12,0,26)
18:07:21.720	L(-0,12,-0,44,0,18)	R(0,03,-0,07,0,37)
18:07:22.723	L(-0,13,-0,44,0,19)	R(0,04,-0,10,0,40)
18:07:23.735	L(-0,12,-0,44,0,19)	R(0,06,-0,10,0,39)
18:07:24.736	L(-0,12,-0,44,0,19)	R(0,06,-0,09,0,38)
18:07:25.778	L(-0,12,-0,44,0,19)	R(0,04,-0,10,0,38)
18:07:26.820	L(-0,13,-0,44,0,19)	R(0,04,-0,10,0,35)
18:07:27.862	L(-0,12,-0,44,0,18)	R(0,05,-0,08,0,34)
18:07:28.903	L(-0,12,-0,44,0,18)	R(0,05,-0,10,0,33)
18:07:29.945	L(-0,12,-0,44,0,18)	R(0,03,-0,11,0,34)
18:07:30.987	L(-0,12,-0,44,0,18)	R(0,07,-0,09,0,32)
18:07:32.028	L(-0,12,-0,44,0,18)	R(0,06,-0,11,0,34)
18:07:33.070	L(-0,12,-0,44,0,18)	R(0,07,-0,10,0,41)
18:07:34.112	L(-0,12,-0,44,0,18)	R(0,09,-0,10,0,38)
18:07:35.153	L(-0,12,-0,44,0,18)	R(0,08,-0,10,0,34)
18:07:36.195	L(-0,12,-0,44,0,17)	R(0,09,-0,10,0,27)
18:07:37.236	L(-0,12,-0,44,0,17)	R(0,08,-0,09,0,33)
18:07:38.278	L(-0,12,-0,44,0,17)	R(0,09,-0,10,0,31)
18:07:39.320	L(-0,12,-0,44,0,17)	R(0,09,-0,10,0,31)
18:07:40.361	L(-0,12,-0,44,0,17)	R(0,11,-0,10,0,34)
18:07:41.362	L(-0,12,-0,44,0,17)	R(0,10,-0,09,0,30)
18:07:42.403	L(-0,12,-0,44,0,17)	R(0,12,-0,09,0,33)
18:07:43.445	L(-0,12,-0,44,0,17)	R(0,13,-0,10,0,31)
18:07:44.486	L(-0,12,-0,44,0,17)	R(0,13,-0,10,0,30)
18:07:45.528	L(-0,12,-0,44,0,17)	R(0,13,-0,10,0,36)
18:07:46.569	L(-0,12,-0,44,0,17)	R(0,13,-0,09,0,35)
18:07:47.612	L(-0,12,-0,44,0,17)	R(0,13,-0,09,0,33)
18:07:48.653	L(-0,12,-0,44,0,17)	R(0,15,-0,09,0,35)
18:07:49.695	L(-0,12,-0,44,0,17)	R(0,15,-0,10,0,29)
18:07:50.736	L(-0,12,-0,44,0,17)	R(0,14,-0,09,0,30)
18:07:51.778	L(-0,12,-0,44,0,17)	R(-0,17,-0,19,0,31)
18:07:52.820	L(-0,12,-0,44,0,17)	R(-0,01,-0,17,0,26)
18:07:53.862	L(-0,12,-0,45,0,18)	R(0,13,-0,21,0,29)
18:07:54.903	L(-0,12,-0,44,0,17)	R(0,14,-0,18,0,28)
18:07:55.945	L(-0,12,-0,44,0,17)	R(0,12,-0,18,0,27)
18:07:56.986	L(-0,12,-0,45,0,18)	R(0,20,-0,17,0,24)
18:07:58.028	L(-0,12,-0,44,0,18)	R(0,20,-0,18,0,24)
18:07:59.070	L(-0,12,-0,44,0,18)	R(0,23,-0,22,0,27)
18:08:00.112	L(-0,12,-0,44,0,18)	R(0,24,-0,16,0,24)
18:08:01.141	L(-0,12,-0,44,0,17)	R(0,30,0,09,0,26)
18:08:02.183	L(-0,11,-0,43,0,17)	R(0,29,0,21,0,20)
18:08:03.209	L(-0,12,-0,44,0,17)	R(0,11,-0,21,0,24)
18:08:04.251	L(-0,12,-0,44,0,17)	R(0,15,-0,20,0,29)
18:08:05.292	L(-0,12,-0,44,0,17)	R(0,15,-0,18,0,28)
18:08:06.334	L(-0,12,-0,44,0,17)	R(0,30,-0,18,0,35)
18:08:07.375	L(-0,12,-0,44,0,17)	R(0,14,-0,21,0,29)
18:08:08.417	L(-0,12,-0,44,0,17)	R(0,15,-0,21,0,28)
18:08:09.458	L(-0,11,-0,43,0,17)	R(0,05,-0,21,0,26)
18:08:10.501	L(-0,12,-0,43,0,17)	R(-0,03,-0,19,0,33)
18:08:11.542	L(-0,13,-0,43,0,16)	R(-0,01,-0,22,0,26)
18:08:12.583	L(-0,12,-0,43,0,17)	R(-0,01,-0,23,0,27)
18:08:13.625	L(-0,12,-0,43,0,16)	R(0,19,-0,15,0,29)
18:08:14.667	L(-0,12,-0,43,0,17)	R(0,19,-0,14,0,30)
18:08:15.708	L(-0,12,-0,43,0,17)	R(0,22,-0,15,0,29)
18:08:16.750	L(-0,12,-0,43,0,17)	R(0,20,-0,17,0,29)
18:08:17.796	L(-0,12,-0,43,0,17)	R(0,17,-0,14,0,30)
18:08:18.836	L(-0,12,-0,43,0,16)	R(0,03,-0,21,0,28)
18:08:19.875	L(-0,12,-0,43,0,16)	R(0,03,-0,24,0,26)
18:08:20.917	L(-0,13,-0,43,0,17)	R(-0,09,-0,21,0,26)
18:08:21.959	L(-0,12,-0,44,0,17)	R(-0,01,-0,18,0,30)
18:08:23.000	L(-0,12,-0,44,0,17)	R(0,10,-0,17,0,29)
18:08:24.001	L(-0,13,-0,44,0,17)	R(0,02,-0,17,0,30)
18:08:25.042	L(-0,13,-0,44,0,17)	R(0,00,-0,17,0,29)
18:08:26.083	L(-0,13,-0,44,0,17)	R(0,05,-0,17,0,29)
18:08:27.126	L(-0,12,-0,43,0,17)	R(0,24,-0,21,0,30)
18:08:28.167	L(-0,12,-0,43,0,17)	R(0,03,-0,18,0,28)
18:08:29.209	L(-0,12,-0,43,0,17)	R(0,04,-0,17,0,29)
18:08:30.250	L(-0,12,-0,44,0,17)	R(0,03,-0,18,0,30)
18:08:31.292	L(-0,12,-0,44,0,17)	R(0,23,-0,20,0,31)
18:08:32.334	L(-0,12,-0,44,0,17)	R(0,23,-0,17,0,26)
18:08:33.375	L(-0,12,-0,44,0,17)	R(0,06,-0,19,0,29)
18:08:34.416	L(-0,13,-0,44,0,17)	R(0,13,-0,16,0,29)
18:08:35.458	L(-0,12,-0,43,0,17)	R(0,25,-0,21,0,33)
18:08:36.500	L(-0,12,-0,44,0,17)	R(0,16,-0,17,0,26)
18:08:37.542	L(-0,12,-0,43,0,16)	R(0,14,-0,19,0,29)
18:08:38.584	L(-0,12,0,29,0,21)	R(0,21,0,25,0,19)
18:08:39.612	L(-0,14,-0,40,0,14)	R(0,24,-0,18,0,27)
18:08:40.654	L(-0,12,-0,44,0,16)	R(-0,15,-0,19,0,29)
18:08:41.681	L(-0,12,-0,44,0,16)	R(-0,09,-0,13,0,26)
18:08:42.708	L(-0,11,-0,44,0,17)	R(0,04,-0,08,0,37)
18:08:43.764	L(-0,12,-0,45,0,17)	R(0,03,-0,09,0,37)
18:08:44.763	L(-0,12,-0,45,0,17)	R(0,04,-0,09,0,35)
18:08:45.806	L(-0,12,-0,45,0,17)	R(0,04,-0,08,0,32)
18:08:46.847	L(-0,12,-0,44,0,17)	R(0,04,-0,08,0,32)
18:08:47.889	L(-0,12,-0,45,0,17)	R(0,05,-0,08,0,31)
18:08:48.931	L(-0,12,-0,45,0,17)	R(0,05,-0,09,0,38)
18:08:49.972	L(-0,12,-0,45,0,17)	R(0,07,-0,09,0,37)
18:08:51.015	L(-0,12,-0,45,0,17)	R(0,07,-0,09,0,32)
18:08:52.055	L(-0,12,-0,45,0,17)	R(0,07,-0,09,0,30)
18:08:53.097	L(-0,11,-0,45,0,17)	R(0,08,-0,09,0,31)
18:08:54.153	L(-0,12,-0,45,0,17)	R(0,08,-0,10,0,38)
18:08:55.194	L(-0,12,-0,45,0,17)	R(0,08,-0,09,0,37)
18:08:56.237	L(-0,12,-0,45,0,17)	R(0,09,-0,10,0,35)
18:08:57.278	L(-0,12,-0,45,0,17)	R(0,10,-0,10,0,31)
18:08:58.320	L(-0,11,-0,45,0,17)	R(0,10,-0,10,0,28)
18:08:59.361	L(-0,11,-0,45,0,17)	R(0,12,-0,10,0,30)
18:09:00.403	L(-0,12,-0,45,0,17)	R(0,11,-0,10,0,34)
18:09:01.445	L(-0,11,-0,45,0,17)	R(0,13,-0,11,0,35)
18:09:02.499	L(-0,11,-0,45,0,17)	R(0,13,-0,11,0,31)
18:09:03.500	L(-0,11,-0,45,0,17)	R(0,13,-0,11,0,28)
18:09:04.555	L(-0,11,-0,45,0,17)	R(0,14,-0,12,0,30)
18:09:05.611	L(-0,12,-0,45,0,17)	R(0,13,-0,12,0,33)
18:09:06.666	L(-0,12,-0,44,0,17)	R(0,13,-0,12,0,33)
18:09:07.723	L(-0,11,-0,45,0,17)	R(0,16,-0,12,0,33)
18:09:08.777	L(-0,11,-0,45,0,17)	R(0,15,-0,12,0,29)
18:09:09.819	L(-0,11,-0,45,0,17)	R(0,17,-0,12,0,27)
18:09:10.875	L(-0,12,-0,45,0,17)	R(0,17,-0,12,0,29)
18:09:11.916	L(-0,12,-0,44,0,17)	R(0,16,-0,14,0,34)
18:09:12.958	L(-0,11,-0,45,0,17)	R(0,19,-0,13,0,32)
18:09:13.958	L(-0,11,-0,45,0,17)	R(0,28,-0,24,0,29)
18:09:14.958	L(-0,11,-0,44,0,17)	R(0,34,-0,13,0,06)
18:09:15.974	L(-0,11,-0,44,0,17)	R(0,44,-0,11,0,04)
18:09:17.003	L(-0,11,-0,45,0,17)	R(0,55,-0,18,0,05)
18:09:18.029	L(-0,11,-0,45,0,17)	R(0,28,-0,17,0,06)
18:09:19.070	L(-0,11,-0,44,0,17)	R(0,15,-0,20,0,28)
18:09:20.114	L(-0,11,-0,45,0,17)	R(0,15,-0,20,0,28)
18:09:21.155	L(-0,12,-0,44,0,17)	R(0,06,-0,23,0,27)
18:09:22.201	L(-0,11,-0,45,0,17)	R(0,09,-0,13,0,27)
18:09:23.240	L(-0,11,-0,45,0,16)	R(0,07,-0,16,0,29)
18:09:24.279	L(-0,11,-0,45,0,16)	R(0,02,-0,22,0,30)
18:09:25.319	L(-0,11,-0,45,0,16)	R(0,02,-0,25,0,20)
18:09:26.361	L(-0,11,-0,45,0,17)	R(-0,02,-0,29,0,17)
18:09:27.402	L(-0,11,-0,44,0,16)	R(0,52,-0,17,0,03)
18:09:28.416	L(-0,11,-0,10,0,01)	R(0,14,-0,22,0,09)
18:09:29.457	L(-0,10,-0,09,0,03)	R(0,12,-0,26,0,14)
18:09:30.499	L(-0,07,-0,10,0,06)	R(0,13,-0,26,0,13)
18:09:31.542	L(-0,14,-0,07,0,02)	R(0,09,-0,32,0,13)
18:09:32.549	L(-0,17,-0,05,-0,05)	R(0,12,-0,28,0,14)
18:09:33.587	L(-0,11,-0,03,-0,12)	R(0,10,-0,30,0,12)
18:09:34.640	L(-0,08,-0,03,-0,03)	R(0,19,-0,22,0,15)
18:09:35.682	L(-0,12,-0,04,0,02)	R(0,22,-0,21,0,13)
18:09:36.709	L(-0,10,-0,05,-0,01)	R(0,18,-0,22,0,10)
18:09:37.751	L(-0,03,-0,05,0,05)	R(0,13,-0,05,0,00)
18:09:38.792	L(-0,07,-0,07,-0,01)	R(0,13,-0,09,0,09)
18:09:39.833	L(-0,08,-0,32,0,08)	R(0,09,-0,24,0,15)
18:09:40.874	L(-0,10,-0,34,0,10)	R(0,10,-0,24,0,14)
18:09:41.887	L(0,0,00,0,00)	R(0,0,00,0,00)
18:09:42.912	L(0,0,00,0,00)	R(0,0,00,0,00)
18:09:43.953	L(0,0,00,0,00)	R(0,0,00,0,00)
