21:29:32.488	L(-0,02,-0,41,0,21)	R(0,08,-0,49,0,25)
21:29:33.506	L(-0,02,-0,37,0,19)	R(0,08,-0,43,0,23)
21:29:34.536	L(-0,05,-0,34,0,11)	R(0,13,-0,27,0,16)
21:29:35.553	L(-0,07,-0,33,0,11)	R(0,08,-0,28,0,17)
21:29:36.570	L(-0,06,-0,35,0,11)	R(0,01,-0,26,0,23)
21:29:37.586	L(-0,05,-0,36,0,12)	R(0,03,-0,29,0,26)
21:29:38.602	L(-0,08,-0,34,0,13)	R(-0,23,-0,26,0,46)
21:29:39.619	L(-0,07,-0,35,0,12)	R(0,03,-0,28,0,23)
21:29:40.634	L(-0,07,-0,34,0,12)	R(-0,09,-0,29,0,29)
21:29:41.651	L(-0,08,-0,34,0,12)	R(0,02,-0,26,0,22)
21:29:42.667	L(-0,08,-0,34,0,12)	R(0,02,-0,30,0,21)
21:29:43.684	L(-0,09,-0,33,0,12)	R(-0,15,-0,25,0,34)
21:29:44.700	L(-0,08,-0,34,0,12)	R(0,03,-0,30,0,18)
21:29:45.715	L(-0,08,-0,34,0,12)	R(-0,19,-0,26,0,39)
21:29:46.734	L(-0,07,-0,35,0,13)	R(0,12,-0,22,0,29)
21:29:47.748	L(-0,07,-0,35,0,13)	R(0,08,-0,27,0,27)
21:29:48.765	L(-0,08,-0,34,0,13)	R(-0,11,-0,24,0,35)
21:29:49.784	L(-0,07,-0,35,0,13)	R(0,10,-0,27,0,27)
21:29:50.799	L(-0,08,-0,35,0,13)	R(-0,21,-0,26,0,45)
21:29:51.812	L(-0,07,-0,35,0,13)	R(0,10,-0,23,0,25)
21:29:52.830	L(-0,07,-0,35,0,13)	R(0,06,-0,26,0,24)
21:29:53.845	L(-0,08,-0,35,0,13)	R(-0,05,-0,22,0,31)
21:29:54.861	L(-0,07,-0,35,0,13)	R(0,10,-0,27,0,23)
21:29:55.877	L(-0,08,-0,35,0,13)	R(-0,20,-0,29,0,39)
21:29:56.893	L(-0,07,-0,36,0,13)	R(0,06,-0,27,0,25)
21:29:57.913	L(-0,07,-0,36,0,13)	R(0,06,-0,28,0,25)
21:29:58.926	L(-0,08,-0,35,0,14)	R(-0,19,-0,28,0,38)
21:29:59.943	L(-0,07,-0,36,0,13)	R(0,07,-0,27,0,23)
21:30:00.962	L(-0,07,-0,36,0,13)	R(0,06,-0,29,0,23)
21:30:01.976	L(-0,08,-0,35,0,14)	R(-0,19,-0,28,0,38)
21:30:02.992	L(-0,07,-0,36,0,13)	R(0,06,-0,29,0,20)
21:30:04.025	L(-0,07,-0,36,0,13)	R(0,06,-0,29,0,21)
21:30:05.042	L(-0,08,-0,35,0,14)	R(-0,25,-0,29,0,43)
21:30:06.057	L(-0,07,-0,35,0,13)	R(0,06,-0,29,0,19)
21:30:07.089	L(-0,07,-0,35,0,13)	R(-0,05,-0,29,0,25)
21:30:08.106	L(-0,08,-0,35,0,14)	R(0,06,-0,22,0,31)
21:30:09.121	L(-0,07,-0,36,0,14)	R(0,14,-0,27,0,29)
21:30:10.135	L(-0,07,-0,36,0,15)	R(-0,22,-0,27,0,40)
21:30:11.152	L(-0,05,-0,40,0,15)	R(0,12,-0,22,0,26)
21:30:12.167	L(-0,06,-0,43,0,16)	R(0,14,-0,27,0,26)
21:30:13.183	L(-0,07,-0,44,0,17)	R(-0,25,-0,28,0,45)
21:30:14.199	L(-0,06,-0,44,0,16)	R(0,14,-0,24,0,24)
21:30:15.219	L(-0,06,-0,44,0,17)	R(0,05,-0,26,0,21)
21:30:16.233	L(-0,07,-0,44,0,17)	R(-0,07,-0,21,0,31)
21:30:17.252	L(-0,06,-0,44,0,17)	R(0,14,-0,27,0,22)
21:30:18.265	L(-0,07,-0,44,0,17)	R(-0,14,-0,25,0,36)
21:30:19.285	L(-0,07,-0,44,0,17)	R(0,10,-0,23,0,24)
21:30:20.303	L(-0,07,-0,44,0,17)	R(0,10,-0,27,0,25)
21:30:21.316	L(-0,07,-0,44,0,17)	R(-0,05,-0,25,0,28)
21:30:22.332	L(-0,07,-0,45,0,17)	R(0,06,-0,22,0,22)
21:30:23.350	L(-0,07,-0,45,0,18)	R(0,10,-0,29,0,23)
21:30:24.366	L(-0,07,-0,45,0,17)	R(-0,03,-0,26,0,25)
21:30:25.382	L(-0,07,-0,45,0,18)	R(0,07,-0,22,0,20)
21:30:26.399	L(-0,07,-0,45,0,18)	R(0,11,-0,28,0,20)
21:30:27.428	L(-0,07,-0,45,0,19)	R(-0,22,-0,27,0,45)
21:30:28.456	L(-0,07,-0,45,0,18)	R(0,10,-0,26,0,18)
21:30:29.476	L(-0,07,-0,45,0,18)	R(0,09,-0,27,0,17)
21:30:30.502	L(-0,07,-0,45,0,18)	R(-0,21,-0,28,0,43)
21:30:31.520	L(-0,06,-0,45,0,18)	R(0,18,-0,25,0,28)
21:30:32.539	L(-0,06,-0,46,0,18)	R(-0,01,-0,24,0,24)
21:30:33.553	L(-0,06,-0,45,0,18)	R(0,00,-0,21,0,30)
21:30:34.581	L(-0,06,-0,45,0,18)	R(0,18,-0,26,0,25)
21:30:35.611	L(-0,06,-0,45,0,19)	R(-0,20,-0,26,0,39)
21:30:36.642	L(-0,06,-0,45,0,18)	R(0,17,-0,22,0,24)
21:30:37.684	L(-0,07,-0,46,0,18)	R(0,18,-0,27,0,24)
21:30:38.705	L(-0,07,-0,45,0,18)	R(-0,25,-0,27,0,45)
21:30:39.723	L(-0,06,-0,45,0,18)	R(0,17,-0,24,0,21)
21:30:40.739	L(-0,06,-0,45,0,18)	R(0,15,-0,27,0,20)
21:30:41.766	L(-0,07,-0,45,0,18)	R(-0,15,-0,24,0,36)
21:30:42.784	L(-0,06,-0,46,0,19)	R(0,14,-0,27,0,22)
21:30:43.803	L(-0,06,-0,46,0,19)	R(0,14,-0,28,0,25)
21:30:44.832	L(-0,06,-0,46,0,19)	R(0,09,-0,27,0,24)
21:30:45.862	L(-0,07,-0,46,0,19)	R(-0,04,-0,22,0,27)
21:30:46.878	L(-0,06,-0,46,0,19)	R(0,15,-0,28,0,23)
21:30:47.909	L(-0,07,-0,46,0,19)	R(0,14,-0,28,0,22)
21:30:48.921	L(-0,07,-0,46,0,19)	R(-0,20,-0,27,0,40)
21:30:49.955	L(-0,06,-0,46,0,19)	R(0,15,-0,28,0,19)
21:30:50.999	L(-0,06,-0,46,0,19)	R(0,14,-0,28,0,20)
21:30:52.054	L(-0,07,-0,46,0,19)	R(-0,20,-0,28,0,43)
21:30:53.088	L(-0,07,-0,46,0,19)	R(0,13,-0,27,0,17)
21:30:54.116	L(-0,07,-0,46,0,19)	R(0,06,-0,28,0,19)
21:30:55.147	L(-0,07,-0,46,0,19)	R(-0,05,-0,23,0,33)
21:30:56.178	L(-0,06,-0,46,0,19)	R(0,21,-0,25,0,27)
21:30:57.219	L(-0,06,-0,46,0,19)	R(-0,05,-0,25,0,27)
21:30:58.252	L(-0,06,-0,46,0,19)	R(0,03,-0,22,0,32)
21:30:59.283	L(-0,06,-0,46,0,18)	R(0,21,-0,26,0,25)
21:31:00.299	L(-0,06,-0,46,0,19)	R(-0,05,-0,29,0,24)
21:31:01.344	L(-0,06,-0,45,0,19)	R(0,07,-0,21,0,27)
21:31:02.361	L(-0,06,-0,46,0,19)	R(0,22,-0,27,0,22)
21:31:03.377	L(-0,06,-0,46,0,19)	R(0,19,-0,28,0,21)
21:31:04.421	L(-0,07,-0,45,0,19)	R(-0,20,-0,27,0,39)
21:31:05.450	L(-0,06,-0,46,0,19)	R(0,22,-0,27,0,21)
21:31:06.509	L(-0,06,-0,46,0,19)	R(0,16,-0,27,0,17)
21:31:07.537	L(-0,07,-0,46,0,19)	R(-0,19,-0,28,0,39)
21:31:08.580	L(-0,06,-0,46,0,19)	R(0,20,-0,23,0,28)
21:31:09.600	L(-0,06,-0,46,0,19)	R(0,18,-0,28,0,25)
21:31:10.617	L(-0,06,-0,46,0,19)	R(0,17,-0,28,0,24)
21:31:11.659	L(-0,07,-0,46,0,19)	R(-0,24,-0,27,0,43)
21:31:12.689	L(-0,06,-0,46,0,19)	R(0,18,-0,25,0,20)
21:31:13.734	L(-0,06,-0,46,0,19)	R(0,17,-0,28,0,22)
21:31:14.763	L(-0,06,-0,46,0,19)	R(0,15,-0,29,0,22)
21:31:15.804	L(-0,06,-0,46,0,19)	R(-0,20,-0,27,0,38)
21:31:16.851	L(-0,06,-0,46,0,19)	R(0,18,-0,27,0,20)
21:31:17.868	L(-0,06,-0,46,0,19)	R(0,17,-0,29,0,20)
21:31:18.884	L(-0,07,-0,46,0,19)	R(-0,23,-0,28,0,47)
21:31:19.913	L(-0,06,-0,46,0,19)	R(0,18,-0,28,0,18)
21:31:20.948	L(-0,06,-0,46,0,19)	R(0,16,-0,29,0,18)
21:31:21.989	L(-0,07,-0,46,0,19)	R(-0,19,-0,29,0,39)
21:31:23.033	L(-0,06,-0,46,0,19)	R(0,25,-0,26,0,28)
21:31:24.074	L(-0,06,-0,46,0,19)	R(0,23,-0,27,0,24)
21:31:25.143	L(-0,06,-0,46,0,19)	R(-0,25,-0,28,0,45)
21:31:26.207	L(-0,06,-0,46,0,19)	R(0,23,-0,22,0,24)
21:31:27.267	L(-0,06,-0,46,0,19)	R(0,24,-0,28,0,24)
21:31:28.310	L(-0,05,-0,46,0,19)	R(-0,14,-0,25,0,30)
21:31:29.368	L(-0,06,-0,46,0,19)	R(0,12,-0,19,0,26)
21:31:30.411	L(-0,06,-0,46,0,19)	R(0,24,-0,26,0,21)
21:31:31.440	L(-0,06,-0,46,0,19)	R(-0,07,-0,24,0,25)
21:31:32.472	L(-0,06,-0,46,0,19)	R(-0,01,-0,21,0,31)
21:31:33.502	L(-0,06,-0,46,0,19)	R(0,24,-0,26,0,19)
21:31:34.543	L(-0,06,-0,46,0,19)	R(0,23,-0,26,0,17)
21:31:35.593	L(-0,02,-0,46,0,19)	R(0,30,-0,21,0,09)
21:31:36.608	L(-0,01,-0,47,0,19)	R(0,70,-0,16,0,12)
21:31:37.639	L(-0,01,-0,47,0,19)	R(0,62,-0,24,0,08)
21:31:38.682	L(-0,01,-0,47,0,19)	R(0,55,-0,27,0,06)
21:31:39.714	L(-0,01,-0,47,0,19)	R(0,62,-0,30,0,04)
21:31:40.744	L(-0,01,-0,47,0,19)	R(0,55,-0,28,0,04)
21:31:41.757	L(-0,02,-0,47,0,18)	R(0,27,-0,25,0,07)
21:31:42.790	L(-0,02,-0,50,0,19)	R(-0,12,-0,29,0,19)
21:31:43.834	L(-0,02,-0,50,0,20)	R(-0,05,-0,22,0,23)
21:31:44.863	L(-0,03,-0,48,0,19)	R(0,09,-0,29,0,18)
21:31:45.886	L(-0,03,-0,48,0,19)	R(0,09,-0,30,0,16)
21:31:46.911	L(-0,03,-0,48,0,19)	R(0,31,-0,24,0,07)
21:31:47.942	L(-0,02,-0,48,0,19)	R(0,70,-0,24,0,07)
21:31:48.957	L(-0,02,-0,48,0,19)	R(0,38,-0,26,0,13)
21:31:50.000	L(-0,03,-0,48,0,19)	R(0,31,-0,31,0,22)
21:31:51.032	L(-0,03,-0,48,0,19)	R(0,03,-0,27,0,19)
21:31:52.090	L(-0,03,-0,47,0,19)	R(0,01,-0,28,0,19)
21:31:53.148	L(-0,03,-0,48,0,19)	R(0,03,-0,28,0,19)
21:31:54.193	L(-0,03,-0,48,0,19)	R(0,02,-0,27,0,19)
21:31:55.250	L(-0,03,-0,48,0,19)	R(0,01,-0,28,0,19)
21:31:56.282	L(-0,03,-0,48,0,19)	R(0,37,-0,30,0,42)
21:31:57.326	L(-0,03,-0,48,0,19)	R(0,07,-0,27,0,19)
21:31:58.385	L(-0,03,-0,48,0,19)	R(0,05,-0,28,0,19)
21:31:59.427	L(-0,03,-0,48,0,19)	R(0,32,-0,29,0,37)
21:32:00.454	L(-0,03,-0,48,0,19)	R(0,19,-0,26,0,21)
21:32:01.489	L(-0,03,-0,48,0,19)	R(0,09,-0,28,0,19)
21:32:02.545	L(-0,03,-0,48,0,19)	R(0,10,-0,28,0,19)
21:32:03.588	L(-0,03,-0,48,0,19)	R(0,33,-0,31,0,34)
21:32:04.635	L(-0,03,-0,48,0,19)	R(0,14,-0,28,0,19)
21:32:05.673	L(-0,03,-0,48,0,19)	R(0,13,-0,28,0,19)
21:32:06.710	L(-0,03,-0,48,0,19)	R(0,35,-0,30,0,40)
21:32:07.769	L(-0,03,-0,48,0,19)	R(0,16,-0,28,0,19)
21:32:08.809	L(-0,03,-0,48,0,19)	R(0,17,-0,29,0,19)
21:32:09.841	L(-0,03,-0,48,0,19)	R(0,11,-0,33,0,17)
21:32:10.857	L(-0,03,-0,48,0,19)	R(0,12,-0,32,0,16)
21:32:11.902	L(-0,03,-0,48,0,19)	R(0,14,-0,28,0,16)
21:32:12.948	L(-0,03,-0,48,0,19)	R(0,13,-0,31,0,18)
21:32:13.975	L(-0,03,-0,48,0,19)	R(0,11,-0,34,0,11)
21:32:15.030	L(-0,03,-0,48,0,19)	R(0,16,-0,22,0,16)
21:32:16.032	L(-0,03,-0,48,0,19)	R(0,09,-0,22,0,21)
21:32:17.082	L(-0,03,-0,48,0,19)	R(0,09,-0,22,0,20)
21:32:18.110	L(-0,03,-0,48,0,19)	R(0,37,-0,29,0,42)
21:32:19.142	L(-0,03,-0,48,0,19)	R(0,05,-0,25,0,22)
21:32:20.188	L(-0,03,-0,48,0,19)	R(0,03,-0,28,0,22)
21:32:21.241	L(-0,03,-0,48,0,19)	R(0,35,-0,30,0,39)
21:32:22.261	L(-0,03,-0,48,0,19)	R(0,10,-0,25,0,21)
21:32:23.306	L(-0,03,-0,48,0,19)	R(0,07,-0,28,0,22)
21:32:24.358	L(-0,03,-0,48,0,19)	R(0,17,-0,24,0,23)
21:32:25.380	L(-0,03,-0,48,0,19)	R(0,20,-0,25,0,24)
21:32:26.409	L(-0,03,-0,48,0,19)	R(0,11,-0,28,0,22)
21:32:27.453	L(-0,03,-0,48,0,19)	R(0,11,-0,28,0,22)
21:32:28.484	L(-0,03,-0,48,0,19)	R(0,31,-0,29,0,32)
21:32:29.501	L(-0,03,-0,48,0,19)	R(0,15,-0,28,0,21)
21:32:30.531	L(-0,03,-0,48,0,19)	R(0,15,-0,28,0,21)
21:32:31.547	L(-0,03,-0,48,0,19)	R(0,29,-0,23,0,11)
21:32:32.563	L(-0,03,-0,48,0,19)	R(0,71,-0,25,0,09)
21:32:33.577	L(-0,03,-0,48,0,19)	R(0,37,-0,22,0,18)
21:32:34.623	L(-0,03,-0,48,0,19)	R(0,22,-0,29,0,44)
21:32:35.681	L(-0,03,-0,48,0,19)	R(0,12,-0,19,0,27)
21:32:36.713	L(-0,03,-0,48,0,19)	R(0,10,-0,22,0,27)
21:32:37.729	L(-0,03,-0,48,0,19)	R(0,12,-0,21,0,26)
21:32:38.761	L(-0,03,-0,48,0,19)	R(0,12,-0,22,0,27)
21:32:39.776	L(-0,03,-0,48,0,19)	R(0,14,-0,22,0,26)
21:32:40.792	L(-0,03,-0,48,0,19)	R(0,12,-0,21,0,25)
21:32:41.824	L(-0,03,-0,48,0,19)	R(0,10,-0,22,0,25)
21:32:42.839	L(-0,03,-0,48,0,19)	R(0,10,-0,22,0,23)
21:32:43.871	L(-0,03,-0,48,0,19)	R(0,10,-0,22,0,23)
21:32:44.912	L(-0,03,-0,48,0,19)	R(0,10,-0,23,0,21)
21:32:45.943	L(-0,03,-0,48,0,19)	R(0,11,-0,22,0,20)
21:32:46.973	L(-0,03,-0,48,0,19)	R(0,12,-0,23,0,21)
21:32:48.004	L(-0,03,-0,48,0,19)	R(0,12,-0,23,0,22)
21:32:49.034	L(-0,03,-0,48,0,19)	R(0,11,-0,22,0,23)
21:32:50.050	L(-0,03,-0,48,0,19)	R(0,12,-0,23,0,24)
21:32:51.089	L(-0,03,-0,48,0,19)	R(0,13,-0,23,0,24)
21:32:52.123	L(-0,03,-0,48,0,19)	R(0,13,-0,23,0,23)
21:32:53.140	L(-0,03,-0,48,0,19)	R(0,13,-0,23,0,22)
21:32:54.185	L(-0,03,-0,48,0,19)	R(0,13,-0,23,0,20)
21:32:55.229	L(-0,03,-0,48,0,19)	R(0,13,-0,23,0,20)
21:32:56.272	L(-0,03,-0,48,0,19)	R(0,15,-0,24,0,20)
21:32:57.318	L(-0,03,-0,48,0,19)	R(0,15,-0,23,0,21)
21:32:58.363	L(-0,03,-0,48,0,19)	R(0,14,-0,23,0,23)
21:32:59.391	L(-0,03,-0,48,0,19)	R(0,15,-0,23,0,23)
21:33:00.420	L(-0,03,-0,48,0,19)	R(0,15,-0,23,0,25)
21:33:01.454	L(-0,03,-0,48,0,19)	R(0,15,-0,23,0,25)
21:33:02.465	L(-0,03,-0,48,0,19)	R(0,16,-0,23,0,25)
21:33:03.499	L(-0,03,-0,48,0,19)	R(0,17,-0,23,0,24)
21:33:04.544	L(-0,03,-0,48,0,19)	R(0,16,-0,23,0,24)
21:33:05.589	L(-0,03,-0,48,0,19)	R(0,16,-0,24,0,23)
21:33:06.632	L(-0,03,-0,48,0,19)	R(0,16,-0,23,0,23)
21:33:07.687	L(-0,03,-0,48,0,19)	R(0,17,-0,23,0,22)
21:33:08.730	L(-0,03,-0,48,0,19)	R(0,17,-0,24,0,21)
21:33:09.760	L(-0,03,-0,48,0,19)	R(0,16,-0,23,0,21)
21:33:10.791	L(-0,03,-0,48,0,19)	R(0,16,-0,24,0,21)
21:33:11.834	L(-0,03,-0,48,0,19)	R(0,16,-0,24,0,21)
21:33:12.893	L(-0,03,-0,48,0,19)	R(0,16,-0,24,0,19)
21:33:13.937	L(-0,03,-0,48,0,19)	R(0,16,-0,23,0,18)
21:33:14.981	L(-0,03,-0,48,0,19)	R(0,17,-0,24,0,19)
21:33:16.027	L(-0,03,-0,48,0,19)	R(0,19,-0,24,0,18)
21:33:17.070	L(-0,03,-0,48,0,19)	R(0,19,-0,22,0,20)
21:33:18.113	L(-0,03,-0,48,0,19)	R(0,19,-0,24,0,20)
21:33:19.147	L(-0,03,-0,48,0,19)	R(0,19,-0,23,0,23)
21:33:20.188	L(-0,03,-0,48,0,19)	R(0,19,-0,21,0,23)
21:33:21.218	L(-0,03,-0,48,0,19)	R(0,19,-0,23,0,24)
21:33:22.251	L(-0,03,-0,48,0,19)	R(0,20,-0,22,0,24)
21:33:23.296	L(-0,03,-0,48,0,19)	R(0,20,-0,22,0,24)
21:33:24.342	L(-0,03,-0,48,0,19)	R(0,21,-0,23,0,22)
21:33:25.395	L(-0,03,-0,48,0,19)	R(0,20,-0,23,0,20)
21:33:26.427	L(-0,03,-0,48,0,19)	R(0,20,-0,23,0,19)
21:33:27.482	L(-0,03,-0,48,0,19)	R(0,20,-0,24,0,17)
21:33:28.542	L(-0,03,-0,48,0,19)	R(0,34,-0,32,0,26)
21:33:29.574	L(-0,02,-0,48,0,19)	R(0,16,-0,30,0,10)
21:33:30.619	L(-0,02,-0,48,0,19)	R(0,13,-0,27,0,13)
21:33:31.658	L(-0,02,-0,48,0,19)	R(0,08,-0,28,0,18)
21:33:32.682	L(-0,02,-0,48,0,19)	R(0,07,-0,33,0,20)
21:33:33.724	L(-0,02,-0,48,0,19)	R(0,19,-0,29,0,22)
21:33:34.782	L(-0,02,-0,48,0,19)	R(0,16,-0,19,0,19)
21:33:35.840	L(-0,03,-0,48,0,19)	R(0,08,-0,22,0,25)
21:33:36.886	L(-0,04,-0,48,0,19)	R(0,07,-0,24,0,27)
21:33:37.942	L(-0,04,-0,48,0,19)	R(0,07,-0,24,0,26)
21:33:38.984	L(-0,04,-0,48,0,19)	R(0,08,-0,24,0,26)
21:33:40.031	L(-0,04,-0,48,0,19)	R(0,08,-0,23,0,25)
21:33:41.074	L(-0,04,-0,48,0,19)	R(0,07,-0,25,0,25)
21:33:42.120	L(-0,04,-0,48,0,19)	R(0,08,-0,24,0,24)
21:33:43.148	L(-0,04,-0,48,0,19)	R(0,08,-0,24,0,24)
21:33:44.193	L(-0,04,-0,48,0,19)	R(0,07,-0,25,0,23)
21:33:45.238	L(-0,04,-0,48,0,19)	R(0,08,-0,24,0,23)
21:33:46.294	L(-0,04,-0,48,0,19)	R(0,09,-0,25,0,22)
21:33:47.341	L(-0,04,-0,48,0,19)	R(0,07,-0,24,0,21)
21:33:48.394	L(-0,04,-0,48,0,19)	R(0,07,-0,24,0,21)
21:33:49.438	L(-0,04,-0,48,0,19)	R(0,09,-0,24,0,20)
21:33:50.483	L(-0,04,-0,48,0,19)	R(0,09,-0,22,0,23)
21:33:51.515	L(-0,04,-0,48,0,19)	R(0,10,-0,24,0,25)
21:33:52.545	L(-0,04,-0,48,0,19)	R(0,11,-0,24,0,25)
21:33:53.592	L(-0,04,-0,48,0,19)	R(0,11,-0,24,0,25)
21:33:54.650	L(-0,04,-0,48,0,19)	R(0,11,-0,24,0,23)
21:33:55.695	L(-0,04,-0,48,0,19)	R(0,11,-0,24,0,23)
21:33:56.738	L(-0,04,-0,48,0,19)	R(0,10,-0,24,0,24)
21:33:57.806	L(-0,04,-0,48,0,19)	R(0,10,-0,24,0,21)
21:33:58.851	L(-0,04,-0,48,0,19)	R(0,10,-0,24,0,21)
21:33:59.921	L(-0,03,-0,48,0,19)	R(0,11,-0,24,0,21)
21:34:00.970	L(-0,03,-0,48,0,19)	R(0,11,-0,24,0,20)
21:34:02.029	L(-0,03,-0,48,0,19)	R(0,12,-0,25,0,19)
21:34:03.071	L(-0,03,-0,48,0,19)	R(0,13,-0,23,0,24)
21:34:04.130	L(-0,03,-0,48,0,19)	R(0,13,-0,24,0,25)
21:34:05.189	L(-0,03,-0,48,0,19)	R(0,14,-0,24,0,24)
21:34:06.261	L(-0,03,-0,48,0,19)	R(0,13,-0,23,0,23)
21:34:07.317	L(-0,03,-0,48,0,19)	R(0,13,-0,24,0,23)
21:34:08.364	L(-0,03,-0,48,0,19)	R(0,14,-0,24,0,23)
21:34:09.364	L(-0,03,-0,48,0,19)	R(0,13,-0,23,0,22)
21:34:10.422	L(-0,03,-0,48,0,19)	R(0,13,-0,25,0,21)
21:34:11.477	L(-0,03,-0,48,0,19)	R(0,14,-0,24,0,20)
21:34:12.525	L(-0,03,-0,48,0,19)	R(0,13,-0,23,0,20)
21:34:13.570	L(-0,03,-0,48,0,19)	R(0,13,-0,24,0,19)
21:34:14.640	L(-0,03,-0,48,0,19)	R(0,13,-0,24,0,19)
21:34:15.683	L(-0,03,-0,48,0,19)	R(0,12,-0,24,0,19)
21:34:16.741	L(-0,03,-0,48,0,19)	R(0,14,-0,25,0,18)
21:34:17.785	L(-0,03,-0,48,0,19)	R(0,15,-0,22,0,21)
21:34:18.832	L(-0,03,-0,48,0,19)	R(0,15,-0,24,0,24)
21:34:19.886	L(-0,03,-0,48,0,19)	R(0,16,-0,24,0,24)
21:34:20.933	L(-0,03,-0,48,0,19)	R(0,16,-0,23,0,22)
21:34:22.003	L(-0,03,-0,48,0,19)	R(0,15,-0,24,0,22)
21:34:23.061	L(-0,03,-0,48,0,19)	R(0,16,-0,24,0,22)
21:34:24.105	L(-0,03,-0,48,0,19)	R(0,16,-0,24,0,22)
21:34:25.161	L(-0,03,-0,48,0,19)	R(0,17,-0,25,0,20)
21:34:26.220	L(-0,03,-0,48,0,19)	R(0,15,-0,23,0,18)
21:34:27.278	L(-0,03,-0,48,0,19)	R(0,15,-0,25,0,18)
21:34:28.338	L(-0,02,-0,48,0,19)	R(0,17,-0,25,0,18)
21:34:29.383	L(-0,02,-0,48,0,19)	R(0,17,-0,23,0,18)
21:34:30.452	L(-0,02,-0,48,0,19)	R(0,18,-0,24,0,17)
21:34:31.511	L(-0,02,-0,48,0,19)	R(0,19,-0,24,0,17)
21:34:32.556	L(-0,02,-0,48,0,19)	R(0,19,-0,24,0,17)
21:34:33.615	L(-0,02,-0,48,0,19)	R(0,20,-0,25,0,19)
21:34:34.674	L(-0,02,-0,48,0,19)	R(0,20,-0,23,0,21)
21:34:35.731	L(-0,02,-0,48,0,19)	R(0,20,-0,24,0,21)
21:34:36.802	L(-0,02,-0,48,0,19)	R(0,20,-0,23,0,23)
21:34:37.859	L(-0,02,-0,48,0,19)	R(0,19,-0,23,0,23)
21:34:38.917	L(-0,02,-0,48,0,19)	R(0,18,-0,24,0,23)
21:34:39.978	L(-0,02,-0,48,0,19)	R(0,18,-0,23,0,22)
21:34:41.036	L(-0,02,-0,48,0,19)	R(0,18,-0,24,0,21)
21:34:42.094	L(-0,02,-0,48,0,19)	R(0,18,-0,24,0,20)
21:34:43.152	L(-0,02,-0,48,0,19)	R(0,25,-0,23,0,22)
21:34:44.208	L(-0,02,-0,48,0,19)	R(0,29,-0,33,0,25)
21:34:45.265	L(-0,02,-0,48,0,19)	R(0,10,-0,36,0,13)
21:34:46.323	L(-0,02,-0,48,0,19)	R(0,11,-0,33,0,14)
21:34:47.385	L(-0,02,-0,48,0,19)	R(0,12,-0,30,0,20)
21:34:48.439	L(-0,02,-0,48,0,19)	R(0,12,-0,31,0,20)
21:34:49.476	L(-0,02,-0,48,0,19)	R(0,44,-0,21,0,05)
21:34:50.493	L(-0,01,-0,48,0,20)	R(0,68,-0,16,0,11)
21:34:51.514	L(-0,02,-0,48,0,19)	R(0,17,-0,29,0,18)
21:34:52.576	L(-0,02,-0,48,0,19)	R(0,14,-0,29,0,19)
21:34:53.625	L(-0,02,-0,48,0,19)	R(0,12,-0,29,0,22)
21:34:54.681	L(-0,02,-0,48,0,19)	R(0,12,-0,29,0,23)
21:34:55.734	L(-0,02,-0,48,0,19)	R(0,06,-0,31,0,16)
21:34:56.802	L(-0,02,-0,48,0,19)	R(0,08,-0,28,0,14)
21:34:57.884	L(-0,02,-0,48,0,19)	R(0,08,-0,28,0,14)
