14:20:56.845	L(-0,04,-0,51,0,12)	R(0,00,-0,25,-0,02)
14:20:57.877	L(-0,04,-0,52,0,12)	R(-0,10,-0,25,0,08)
14:20:58.932	L(-0,04,-0,51,0,12)	R(-0,12,-0,23,0,19)
14:20:59.984	L(-0,03,-0,53,0,12)	R(-0,14,-0,22,0,16)
14:21:01.036	L(-0,02,-0,54,0,12)	R(-0,12,-0,27,0,17)
14:21:02.055	L(-0,04,-0,51,0,12)	R(-0,23,-0,29,0,35)
14:21:03.065	L(-0,03,-0,52,0,12)	R(-0,13,-0,28,0,14)
14:21:04.085	L(-0,03,-0,52,0,12)	R(-0,21,-0,29,0,25)
14:21:05.101	L(-0,03,-0,52,0,11)	R(-0,12,-0,29,0,12)
14:21:06.117	L(-0,03,-0,52,0,11)	R(-0,16,-0,30,0,15)
14:21:07.132	L(-0,03,-0,53,0,12)	R(-0,12,-0,28,0,11)
14:21:08.152	L(-0,03,-0,51,0,11)	R(-0,12,-0,31,0,10)
14:21:09.167	L(-0,03,-0,52,0,12)	R(-0,15,-0,27,0,25)
14:21:10.183	L(-0,03,-0,52,0,11)	R(0,07,-0,28,0,17)
14:21:11.199	L(-0,03,-0,53,0,12)	R(-0,25,-0,29,0,36)
14:21:12.216	L(-0,03,-0,52,0,11)	R(0,06,-0,27,0,14)
14:21:13.232	L(-0,03,-0,52,0,12)	R(-0,21,-0,27,0,26)
14:21:14.249	L(-0,02,-0,53,0,12)	R(0,05,-0,28,0,14)
14:21:15.264	L(-0,03,-0,52,0,12)	R(-0,03,-0,28,0,14)
14:21:16.280	L(-0,03,-0,52,0,12)	R(-0,03,-0,26,0,14)
14:21:17.297	L(-0,03,-0,52,0,12)	R(0,06,-0,29,0,10)
14:21:18.315	L(-0,03,-0,52,0,12)	R(-0,22,-0,27,0,31)
14:21:19.331	L(-0,03,-0,52,0,12)	R(0,00,-0,27,0,17)
14:21:20.347	L(-0,03,-0,52,0,12)	R(-0,02,-0,27,0,16)
14:21:21.363	L(-0,03,-0,53,0,12)	R(-0,14,-0,24,0,20)
14:21:22.379	L(-0,03,-0,52,0,12)	R(0,01,-0,29,0,13)
14:21:23.395	L(-0,03,-0,53,0,12)	R(-0,22,-0,27,0,31)
14:21:24.412	L(-0,03,-0,52,0,11)	R(0,01,-0,26,0,14)
14:21:25.427	L(-0,03,-0,52,0,11)	R(-0,06,-0,28,0,14)
14:21:26.444	L(-0,03,-0,53,0,12)	R(-0,07,-0,23,0,14)
14:21:27.460	L(-0,03,-0,52,0,11)	R(0,01,-0,30,0,10)
14:21:28.478	L(-0,02,-0,53,0,12)	R(-0,19,-0,29,0,28)
14:21:29.494	L(-0,03,-0,52,0,11)	R(-0,06,-0,27,0,19)
14:21:30.511	L(-0,03,-0,52,0,12)	R(-0,20,-0,28,0,31)
14:21:31.526	L(-0,03,-0,52,0,11)	R(-0,06,-0,26,0,17)
14:21:32.542	L(-0,03,-0,52,0,11)	R(-0,22,-0,28,0,36)
14:21:33.559	L(-0,03,-0,52,0,11)	R(-0,05,-0,26,0,15)
14:21:34.589	L(-0,03,-0,52,0,11)	R(-0,12,-0,24,0,17)
14:21:35.604	L(-0,03,-0,52,0,11)	R(-0,06,-0,22,0,14)
14:21:36.636	L(-0,03,-0,52,0,11)	R(-0,06,-0,28,0,13)
14:21:37.651	L(-0,03,-0,52,0,11)	R(-0,21,-0,29,0,33)
14:21:38.668	L(-0,03,-0,53,0,11)	R(-0,08,-0,28,0,17)
14:21:39.671	L(-0,03,-0,52,0,11)	R(-0,18,-0,27,0,27)
14:21:40.686	L(-0,02,-0,53,0,11)	R(-0,08,-0,26,0,15)
14:21:41.702	L(-0,02,-0,54,0,12)	R(-0,08,-0,29,0,12)
14:21:42.720	L(-0,03,-0,52,0,12)	R(0,16,-0,18,-0,10)
14:21:43.750	L(-0,03,-0,52,0,12)	R(0,43,-0,10,-0,04)
14:21:44.779	L(-0,03,-0,52,0,11)	R(0,37,-0,15,-0,03)
14:21:45.810	L(-0,03,-0,52,0,11)	R(0,38,-0,14,-0,05)
14:21:46.879	L(-0,02,-0,53,0,11)	R(0,03,-0,05,0,06)
14:21:47.899	L(-0,02,-0,53,0,12)	R(-0,24,-0,29,0,30)
14:21:48.931	L(-0,02,-0,53,0,11)	R(-0,08,-0,27,0,15)
14:21:49.959	L(-0,01,-0,57,0,12)	R(-0,14,-0,28,0,15)
14:21:50.975	L(-0,01,-0,56,0,12)	R(-0,10,-0,26,0,10)
14:21:52.006	L(-0,05,-0,53,0,13)	R(-0,09,-0,29,0,10)
14:21:53.032	L(-0,02,-0,53,0,11)	R(-0,12,-0,27,0,23)
14:21:54.065	L(-0,02,-0,52,0,11)	R(-0,03,-0,28,0,18)
14:21:55.081	L(-0,02,-0,53,0,11)	R(-0,20,-0,27,0,30)
14:21:56.098	L(-0,02,-0,54,0,11)	R(-0,04,-0,28,0,17)
14:21:57.114	L(-0,02,-0,54,0,11)	R(-0,08,-0,29,0,16)
14:21:58.141	L(-0,01,-0,55,0,12)	R(-0,06,-0,25,0,21)
14:21:59.175	L(-0,02,-0,53,0,11)	R(0,00,-0,28,0,17)
14:22:00.204	L(-0,01,-0,54,0,11)	R(-0,24,-0,30,0,33)
14:22:01.236	L(-0,02,-0,53,0,11)	R(-0,03,-0,28,0,16)
14:22:02.264	L(-0,02,-0,53,0,11)	R(-0,16,-0,28,0,25)
14:22:03.280	L(-0,02,-0,53,0,11)	R(0,03,-0,26,0,17)
14:22:04.323	L(-0,02,-0,53,0,11)	R(-0,13,-0,29,0,17)
14:22:05.367	L(-0,01,-0,54,0,11)	R(-0,08,-0,28,0,18)
14:22:06.412	L(-0,02,-0,53,0,11)	R(0,01,-0,28,0,15)
14:22:07.442	L(-0,02,-0,53,0,11)	R(-0,01,-0,27,0,14)
14:22:08.476	L(-0,01,-0,53,0,11)	R(-0,12,-0,27,0,20)
14:22:09.503	L(-0,02,-0,53,0,11)	R(0,00,-0,28,0,13)
14:22:10.534	L(-0,02,-0,53,0,11)	R(-0,17,-0,28,0,22)
14:22:11.565	L(-0,01,-0,53,0,11)	R(0,00,-0,26,0,10)
14:22:12.581	L(-0,02,-0,53,0,11)	R(0,00,-0,29,0,10)
14:22:13.625	L(-0,02,-0,53,0,11)	R(-0,19,-0,29,0,28)
14:22:14.641	L(-0,02,-0,52,0,10)	R(-0,05,-0,29,0,15)
14:22:15.658	L(-0,01,-0,54,0,11)	R(-0,09,-0,29,0,13)
14:22:16.703	L(-0,02,-0,52,0,11)	R(-0,08,-0,25,0,19)
14:22:17.747	L(-0,02,-0,53,0,11)	R(-0,02,-0,27,0,16)
14:22:18.791	L(-0,02,-0,53,0,11)	R(-0,20,-0,28,0,26)
14:22:19.820	L(-0,01,-0,53,0,11)	R(-0,02,-0,25,0,14)
14:22:20.852	L(-0,02,-0,53,0,11)	R(-0,03,-0,28,0,15)
14:22:21.881	L(-0,01,-0,54,0,12)	R(-0,19,-0,31,0,31)
14:22:22.913	L(-0,02,-0,53,0,11)	R(-0,02,-0,27,0,12)
14:22:23.941	L(-0,02,-0,53,0,11)	R(-0,03,-0,28,0,12)
14:22:24.971	L(-0,01,-0,54,0,11)	R(-0,18,-0,29,0,28)
14:22:26.017	L(-0,01,-0,54,0,11)	R(-0,05,-0,28,0,12)
14:22:27.047	L(-0,01,-0,56,0,11)	R(-0,09,-0,30,0,11)
14:22:28.090	L(-0,01,-0,54,0,11)	R(-0,09,-0,26,0,13)
14:22:29.120	L(-0,01,-0,55,0,11)	R(-0,06,-0,30,0,10)
14:22:30.151	L(-0,01,-0,55,0,11)	R(-0,22,-0,29,0,33)
14:22:31.185	L(-0,02,-0,53,0,10)	R(0,03,-0,27,0,14)
14:22:32.238	L(-0,01,-0,54,0,10)	R(0,03,-0,29,0,15)
14:22:33.283	L(-0,02,-0,54,0,11)	R(-0,25,-0,30,0,33)
14:22:34.342	L(-0,01,-0,54,0,10)	R(-0,01,-0,28,0,13)
14:22:35.385	L(-0,02,-0,53,0,10)	R(-0,02,-0,29,0,14)
14:22:36.443	L(-0,01,-0,54,0,11)	R(-0,18,-0,27,0,25)
14:22:37.499	L(-0,02,-0,53,0,10)	R(-0,01,-0,29,0,12)
14:22:38.544	L(-0,01,-0,54,0,11)	R(-0,20,-0,29,0,25)
14:22:39.566	L(-0,01,-0,54,0,11)	R(0,00,-0,28,0,09)
14:22:40.621	L(-0,01,-0,54,0,11)	R(-0,01,-0,30,0,09)
14:22:41.662	L(-0,01,-0,54,0,11)	R(-0,22,-0,29,0,34)
14:22:42.684	L(-0,02,-0,53,0,10)	R(0,03,-0,27,0,12)
14:22:43.751	L(-0,01,-0,53,0,11)	R(-0,19,-0,30,0,26)
14:22:44.808	L(-0,01,-0,54,0,10)	R(0,04,-0,28,0,10)
14:22:45.844	L(-0,01,-0,53,0,10)	R(0,04,-0,29,0,09)
14:22:46.866	L(-0,03,-0,53,0,12)	R(0,15,-0,02,-0,04)
14:22:47.919	L(-0,02,-0,54,0,11)	R(0,47,-0,15,-0,05)
14:22:48.941	L(-0,02,-0,54,0,11)	R(0,24,-0,14,-0,12)
14:22:49.985	L(-0,02,-0,53,0,11)	R(0,34,-0,22,-0,09)
14:22:51.033	L(-0,02,-0,53,0,11)	R(0,34,-0,21,-0,05)
14:22:52.036	L(-0,02,-0,53,0,10)	R(0,09,-0,12,-0,06)
14:22:53.070	L(-0,02,-0,53,0,11)	R(-0,27,-0,23,0,17)
14:22:54.126	L(-0,02,-0,54,0,10)	R(-0,06,-0,29,0,10)
14:22:55.146	L(-0,02,-0,54,0,10)	R(-0,06,-0,29,0,09)
14:22:56.212	L(-0,02,-0,54,0,10)	R(0,23,-0,12,0,00)
14:22:57.247	L(-0,01,-0,54,0,10)	R(0,49,-0,27,-0,03)
14:22:58.261	L(-0,01,-0,55,0,10)	R(0,25,-0,21,-0,04)
14:22:59.289	L(-0,01,-0,54,0,09)	R(0,22,-0,20,0,04)
14:23:00.334	L(-0,01,-0,55,0,09)	R(0,08,-0,18,0,13)
14:23:01.392	L(-0,02,-0,54,0,09)	R(-0,13,-0,28,0,10)
14:23:02.451	L(-0,02,-0,55,0,09)	R(-0,13,-0,28,0,10)
14:23:03.508	L(-0,02,-0,54,0,09)	R(0,02,-0,13,0,15)
14:23:04.579	L(-0,01,-0,55,0,09)	R(0,06,-0,18,0,17)
14:23:05.625	L(-0,02,-0,54,0,09)	R(-0,09,-0,28,0,11)
14:23:06.683	L(-0,02,-0,54,0,09)	R(-0,09,-0,29,0,11)
14:23:07.728	L(-0,02,-0,55,0,09)	R(0,17,-0,25,0,21)
14:23:08.785	L(-0,02,-0,54,0,09)	R(-0,03,-0,26,0,11)
14:23:09.844	L(-0,02,-0,54,0,09)	R(-0,04,-0,28,0,10)
14:23:10.898	L(-0,02,-0,55,0,09)	R(0,15,-0,22,0,25)
14:23:11.943	L(-0,02,-0,55,0,09)	R(0,00,-0,23,0,11)
14:23:12.991	L(-0,02,-0,55,0,09)	R(-0,01,-0,27,0,10)
14:23:14.049	L(-0,02,-0,55,0,09)	R(-0,01,-0,28,0,10)
14:23:15.096	L(-0,02,-0,55,0,09)	R(0,17,-0,25,0,20)
14:23:16.139	L(-0,02,-0,55,0,09)	R(0,04,-0,26,0,10)
14:23:17.183	L(-0,02,-0,55,0,09)	R(0,03,-0,26,0,10)
14:23:18.237	L(-0,02,-0,55,0,09)	R(0,03,-0,26,0,10)
14:23:19.272	L(-0,02,-0,54,0,09)	R(-0,03,-0,32,0,04)
14:23:20.331	L(-0,01,-0,57,0,10)	R(0,01,-0,23,0,08)
14:23:21.375	L(-0,02,-0,55,0,09)	R(-0,06,-0,18,0,10)
14:23:22.433	L(-0,01,-0,55,0,09)	R(-0,06,-0,22,0,10)
14:23:23.486	L(-0,01,-0,55,0,09)	R(0,12,-0,18,0,20)
14:23:24.520	L(-0,02,-0,56,0,09)	R(0,02,-0,01,0,19)
14:23:25.576	L(-0,01,-0,59,0,08)	R(-0,12,-0,27,0,11)
14:23:26.633	L(-0,01,-0,59,0,08)	R(-0,13,-0,28,0,11)
14:23:27.667	L(-0,01,-0,59,0,08)	R(0,15,-0,26,0,28)
14:23:28.725	L(-0,01,-0,59,0,08)	R(-0,08,-0,26,0,10)
14:23:29.768	L(-0,01,-0,60,0,08)	R(-0,09,-0,28,0,11)
14:23:30.811	L(-0,01,-0,60,0,08)	R(-0,01,-0,24,0,14)
14:23:31.854	L(-0,01,-0,59,0,08)	R(0,00,-0,25,0,13)
14:23:32.913	L(-0,01,-0,59,0,08)	R(-0,05,-0,28,0,11)
14:23:33.972	L(-0,01,-0,59,0,08)	R(0,05,-0,27,0,18)
14:23:35.029	L(-0,01,-0,59,0,08)	R(0,00,-0,26,0,11)
14:23:36.099	L(-0,01,-0,59,0,08)	R(-0,01,-0,29,0,11)
14:23:37.144	L(-0,01,-0,59,0,08)	R(-0,01,0,04,0,06)
14:23:38.190	L(-0,02,-0,59,0,07)	R(0,21,-0,19,-0,08)
14:23:39.208	L(-0,01,-0,60,0,07)	R(0,37,-0,22,-0,06)
14:23:40.226	L(-0,01,-0,60,0,07)	R(0,28,-0,14,-0,07)
14:23:41.240	L(-0,01,-0,59,0,07)	R(0,22,-0,17,-0,08)
14:23:42.271	L(-0,01,-0,60,0,08)	R(0,50,-0,23,-0,01)
14:23:43.287	L(-0,01,-0,59,0,07)	R(0,25,-0,19,-0,03)
14:23:44.303	L(-0,01,-0,60,0,07)	R(0,50,-0,25,-0,03)
14:23:45.318	L(-0,01,-0,60,0,07)	R(0,28,-0,27,-0,04)
14:23:46.360	L(-0,01,-0,59,0,08)	R(0,05,-0,12,0,24)
14:23:47.395	L(-0,01,-0,59,0,08)	R(-0,05,-0,16,0,24)
14:23:48.441	L(-0,02,-0,59,0,08)	R(-0,06,-0,18,0,17)
14:23:49.508	L(-0,01,-0,59,0,08)	R(-0,06,-0,20,0,17)
14:23:50.554	L(-0,02,-0,59,0,08)	R(-0,05,-0,20,0,16)
14:23:51.610	L(-0,01,-0,59,0,08)	R(-0,05,-0,18,0,15)
14:23:52.682	L(-0,01,-0,59,0,08)	R(-0,06,-0,20,0,15)
14:23:53.731	L(-0,01,-0,59,0,08)	R(-0,05,-0,19,0,14)
14:23:54.801	L(-0,01,-0,59,0,08)	R(-0,04,-0,19,0,15)
14:23:55.856	L(-0,01,-0,59,0,08)	R(-0,06,-0,20,0,14)
14:23:56.902	L(-0,02,-0,59,0,08)	R(-0,04,-0,19,0,13)
14:23:57.945	L(-0,02,-0,59,0,08)	R(-0,04,-0,19,0,13)
14:23:58.989	L(-0,02,-0,59,0,08)	R(-0,05,-0,20,0,12)
14:24:00.019	L(-0,02,-0,59,0,08)	R(-0,03,-0,19,0,11)
14:24:01.065	L(-0,01,-0,59,0,08)	R(-0,03,-0,19,0,12)
14:24:02.109	L(-0,02,-0,59,0,08)	R(-0,02,-0,19,0,11)
14:24:03.152	L(-0,01,-0,59,0,08)	R(-0,02,-0,19,0,14)
14:24:04.224	L(-0,01,-0,59,0,08)	R(-0,02,-0,18,0,14)
14:24:05.268	L(-0,01,-0,59,0,08)	R(-0,02,-0,19,0,15)
14:24:06.316	L(-0,01,-0,59,0,08)	R(-0,02,-0,18,0,17)
14:24:07.383	L(-0,01,-0,59,0,08)	R(-0,02,-0,19,0,17)
14:24:08.418	L(-0,01,-0,59,0,08)	R(-0,01,-0,19,0,16)
14:24:09.472	L(-0,02,-0,59,0,08)	R(0,00,-0,19,0,14)
14:24:10.506	L(-0,02,-0,59,0,08)	R(0,00,-0,18,0,13)
14:24:11.573	L(-0,02,-0,59,0,08)	R(0,00,-0,19,0,13)
14:24:12.608	L(-0,02,-0,59,0,08)	R(0,00,-0,18,0,10)
14:24:13.688	L(-0,02,-0,59,0,08)	R(0,01,-0,18,0,11)
14:24:14.725	L(-0,02,-0,59,0,08)	R(0,01,-0,17,0,12)
14:24:15.782	L(-0,01,-0,59,0,08)	R(0,01,-0,19,0,13)
14:24:16.813	L(-0,01,-0,60,0,08)	R(0,01,-0,18,0,13)
14:24:17.864	L(-0,01,-0,60,0,08)	R(0,01,-0,18,0,14)
14:24:18.914	L(-0,01,-0,60,0,08)	R(0,00,-0,19,0,15)
14:24:19.944	L(-0,01,-0,60,0,08)	R(0,00,-0,19,0,16)
14:24:20.974	L(-0,01,-0,60,0,08)	R(0,02,-0,18,0,16)
14:24:22.020	L(-0,01,-0,60,0,08)	R(0,02,-0,19,0,16)
14:24:23.064	L(-0,01,-0,60,0,08)	R(0,02,-0,18,0,14)
14:24:24.095	L(-0,01,-0,60,0,08)	R(0,03,-0,19,0,14)
14:24:25.153	L(-0,01,-0,60,0,08)	R(0,04,-0,19,0,14)
14:24:26.210	L(-0,01,-0,60,0,08)	R(0,03,-0,19,0,15)
14:24:27.264	L(-0,01,-0,60,0,08)	R(0,03,-0,18,0,14)
14:24:28.326	L(-0,01,-0,60,0,08)	R(0,03,-0,19,0,13)
14:24:29.372	L(-0,01,-0,60,0,08)	R(0,03,-0,18,0,10)
14:24:30.428	L(-0,01,-0,60,0,08)	R(0,04,-0,18,0,10)
14:24:31.483	L(-0,01,-0,60,0,08)	R(0,04,-0,19,0,10)
14:24:32.545	L(-0,01,-0,60,0,08)	R(0,04,-0,19,0,12)
14:24:33.612	L(-0,01,-0,60,0,08)	R(0,06,-0,18,0,12)
14:24:34.675	L(-0,01,-0,60,0,08)	R(0,06,-0,17,0,11)
14:24:35.720	L(-0,01,-0,60,0,08)	R(0,06,-0,18,0,10)
14:24:36.779	L(-0,01,-0,60,0,08)	R(0,05,-0,19,0,13)
14:24:37.822	L(-0,01,-0,60,0,08)	R(0,05,-0,18,0,15)
14:24:38.887	L(-0,01,-0,60,0,08)	R(0,05,-0,19,0,15)
14:24:39.937	L(-0,01,-0,60,0,08)	R(0,18,-0,22,0,13)
14:24:40.978	L(-0,01,-0,60,0,08)	R(0,00,-0,23,0,10)
14:24:42.028	L(-0,01,-0,60,0,08)	R(-0,03,-0,21,0,12)
14:24:43.074	L(-0,01,-0,60,0,08)	R(-0,07,-0,32,0,10)
14:24:44.140	L(-0,01,-0,60,0,08)	R(-0,07,-0,33,0,10)
14:24:45.196	L(-0,01,-0,60,0,08)	R(0,12,-0,14,0,17)
14:24:46.268	L(-0,01,-0,60,0,08)	R(-0,04,-0,12,0,16)
14:24:47.332	L(-0,01,-0,59,0,07)	R(-0,08,-0,19,0,18)
14:24:48.387	L(-0,01,-0,59,0,07)	R(-0,08,-0,20,0,18)
14:24:49.430	L(-0,01,-0,59,0,08)	R(-0,06,-0,19,0,18)
14:24:50.488	L(-0,01,-0,59,0,08)	R(-0,06,-0,18,0,17)
14:24:51.559	L(-0,01,-0,59,0,07)	R(-0,06,-0,18,0,16)
14:24:52.617	L(-0,01,-0,59,0,08)	R(-0,07,-0,19,0,16)
14:24:53.663	L(-0,01,-0,59,0,08)	R(-0,07,-0,19,0,15)
14:24:54.721	L(-0,01,-0,59,0,09)	R(-0,07,-0,18,0,15)
14:24:55.778	L(-0,01,-0,60,0,08)	R(-0,06,-0,15,0,13)
14:24:56.838	L(-0,01,-0,59,0,08)	R(-0,05,-0,18,0,14)
14:24:57.895	L(-0,01,-0,59,0,08)	R(-0,05,-0,18,0,15)
14:24:58.941	L(-0,01,-0,60,0,08)	R(-0,05,-0,18,0,18)
14:24:59.983	L(-0,01,-0,59,0,08)	R(-0,05,-0,19,0,18)
14:25:01.030	L(-0,01,-0,59,0,08)	R(-0,03,-0,18,0,17)
14:25:02.097	L(-0,01,-0,59,0,08)	R(-0,02,-0,16,0,17)
14:25:03.156	L(-0,01,-0,60,0,08)	R(-0,02,-0,18,0,17)
14:25:04.213	L(-0,01,-0,60,0,08)	R(-0,03,-0,18,0,15)
14:25:05.248	L(-0,01,-0,60,0,08)	R(-0,03,-0,18,0,15)
14:25:06.315	L(-0,01,-0,60,0,08)	R(-0,03,-0,19,0,16)
14:25:07.363	L(-0,01,-0,59,0,08)	R(-0,03,-0,19,0,15)
14:25:08.408	L(-0,01,-0,60,0,08)	R(-0,02,-0,18,0,14)
14:25:09.477	L(-0,01,-0,60,0,08)	R(-0,02,-0,18,0,13)
14:25:10.523	L(-0,01,-0,60,0,08)	R(-0,03,-0,18,0,13)
14:25:11.565	L(-0,01,-0,60,0,08)	R(-0,01,-0,17,0,13)
14:25:12.613	L(-0,01,-0,60,0,08)	R(0,00,-0,16,0,13)
14:25:13.672	L(-0,01,-0,60,0,08)	R(0,00,-0,17,0,13)
14:25:14.740	L(-0,01,-0,60,0,08)	R(0,00,-0,18,0,14)
14:25:15.787	L(-0,01,-0,60,0,08)	R(0,00,-0,18,0,15)
14:25:16.853	L(-0,01,-0,60,0,08)	R(0,00,-0,18,0,16)
14:25:17.891	L(-0,01,-0,60,0,08)	R(0,00,-0,19,0,17)
14:25:18.958	L(-0,01,-0,60,0,08)	R(0,01,-0,19,0,17)
14:25:20.015	L(-0,01,-0,60,0,08)	R(0,01,-0,18,0,15)
14:25:21.079	L(-0,01,-0,60,0,08)	R(0,01,-0,19,0,15)
14:25:22.137	L(-0,01,-0,60,0,08)	R(0,02,-0,19,0,13)
14:25:23.194	L(-0,01,-0,60,0,08)	R(0,02,-0,18,0,12)
14:25:24.248	L(-0,01,-0,60,0,08)	R(0,02,-0,19,0,11)
14:25:25.309	L(-0,01,-0,60,0,08)	R(0,03,-0,18,0,11)
14:25:26.364	L(-0,01,-0,60,0,09)	R(0,05,-0,17,0,11)
14:25:27.412	L(-0,01,-0,60,0,09)	R(0,05,-0,18,0,11)
14:25:28.458	L(-0,01,-0,60,0,09)	R(0,05,-0,19,0,13)
14:25:29.497	L(-0,01,-0,60,0,08)	R(0,03,-0,19,0,13)
14:25:30.560	L(-0,01,-0,60,0,08)	R(0,03,-0,19,0,14)
14:25:31.618	L(-0,01,-0,60,0,08)	R(0,03,-0,20,0,14)
14:25:32.685	L(-0,01,-0,60,0,08)	R(0,02,-0,21,0,16)
14:25:33.691	L(-0,01,-0,60,0,08)	R(0,04,-0,21,0,16)
14:25:34.749	L(-0,01,-0,60,0,09)	R(0,04,-0,20,0,16)
14:25:35.780	L(-0,01,-0,60,0,09)	R(0,04,-0,20,0,14)
14:25:36.838	L(-0,01,-0,60,0,09)	R(0,06,-0,19,0,15)
14:25:37.889	L(-0,01,-0,60,0,09)	R(0,05,-0,19,0,15)
14:25:38.922	L(-0,01,-0,60,0,09)	R(0,05,-0,20,0,14)
14:25:39.971	L(-0,01,-0,60,0,09)	R(0,06,-0,18,0,14)
14:25:41.028	L(-0,01,-0,60,0,09)	R(0,07,-0,20,0,15)
14:25:42.074	L(-0,01,-0,60,0,09)	R(0,07,-0,19,0,14)
14:25:43.131	L(-0,01,-0,60,0,09)	R(0,07,-0,18,0,12)
14:25:44.189	L(-0,01,-0,60,0,09)	R(0,07,-0,19,0,11)
14:25:45.246	L(-0,01,-0,60,0,08)	R(0,06,-0,19,0,11)
14:25:46.262	L(-0,01,-0,60,0,09)	R(0,06,-0,18,0,11)
14:25:47.307	L(-0,01,-0,60,0,09)	R(0,06,-0,19,0,09)
14:25:48.352	L(-0,01,-0,60,0,08)	R(0,08,-0,18,0,09)
14:25:49.396	L(-0,01,-0,60,0,09)	R(0,07,-0,19,0,09)
14:25:50.454	L(-0,01,-0,60,0,09)	R(0,19,-0,20,0,10)
14:25:51.512	L(-0,01,-0,60,0,09)	R(0,16,-0,09,0,09)
14:25:52.580	L(-0,02,-0,60,0,08)	R(0,09,-0,12,0,11)
14:25:53.645	L(-0,02,-0,59,0,08)	R(0,08,-0,12,0,11)
14:25:54.645	L(-0,02,-0,59,0,08)	R(0,09,-0,12,0,11)
14:25:55.732	L(-0,02,-0,59,0,08)	R(0,09,-0,12,0,11)
