19:31:14.676	L(-0,11,-0,47,0,04)	R(0,09,-0,44,0,02)
19:31:15.708	L(-0,12,-0,47,0,04)	R(0,02,-0,32,-0,03)
19:31:16.723	L(-0,11,-0,49,0,05)	R(-0,07,-0,31,0,00)
19:31:17.740	L(-0,10,-0,47,0,04)	R(-0,02,-0,29,0,07)
19:31:18.757	L(-0,10,-0,48,0,04)	R(0,13,-0,27,0,06)
19:31:19.773	L(-0,09,-0,48,0,03)	R(0,19,-0,28,0,08)
19:31:20.791	L(-0,09,-0,48,0,03)	R(-0,11,-0,25,0,10)
19:31:21.806	L(-0,08,-0,48,0,03)	R(-0,13,-0,23,0,15)
19:31:22.822	L(-0,08,-0,48,0,02)	R(0,13,-0,25,0,05)
19:31:23.838	L(-0,08,-0,48,0,02)	R(0,13,-0,28,0,07)
19:31:24.856	L(-0,08,-0,47,0,02)	R(-0,28,-0,29,0,26)
19:31:25.872	L(-0,09,-0,48,0,03)	R(0,14,-0,26,0,02)
19:31:26.888	L(-0,08,-0,48,0,02)	R(0,19,-0,27,0,05)
19:31:27.904	L(-0,08,-0,48,0,02)	R(0,02,-0,28,0,05)
19:31:28.921	L(-0,09,-0,47,0,04)	R(-0,16,-0,25,0,17)
19:31:29.938	L(-0,08,-0,49,0,02)	R(0,21,-0,27,0,03)
19:31:30.954	L(-0,08,-0,49,0,02)	R(0,19,-0,27,0,03)
19:31:31.970	L(-0,07,-0,47,0,02)	R(-0,27,-0,29,0,24)
19:31:32.987	L(-0,09,-0,48,0,02)	R(0,10,-0,29,0,02)
19:31:34.003	L(-0,08,-0,48,0,02)	R(0,10,-0,29,0,05)
19:31:35.018	L(-0,08,-0,48,0,02)	R(-0,19,-0,27,0,17)
19:31:36.036	L(-0,08,-0,48,0,02)	R(0,01,-0,25,0,02)
19:31:37.051	L(-0,08,-0,48,0,02)	R(0,11,-0,29,0,02)
19:31:38.068	L(-0,08,-0,48,0,02)	R(-0,13,-0,25,0,10)
19:31:39.084	L(-0,09,-0,48,0,03)	R(-0,03,-0,26,0,08)
19:31:40.102	L(-0,08,-0,49,0,02)	R(0,19,-0,28,0,01)
19:31:41.118	L(-0,07,-0,49,0,01)	R(-0,03,-0,25,0,03)
19:31:42.135	L(-0,09,-0,48,0,03)	R(-0,09,-0,22,0,09)
19:31:43.149	L(-0,08,-0,48,0,02)	R(0,10,-0,28,-0,01)
19:31:44.168	L(-0,08,-0,48,0,02)	R(-0,02,-0,29,0,01)
19:31:45.182	L(-0,08,-0,48,0,02)	R(-0,22,-0,27,0,18)
19:31:46.202	L(-0,07,-0,48,0,01)	R(0,12,-0,24,0,08)
19:31:47.217	L(-0,07,-0,49,0,01)	R(0,15,-0,27,0,08)
19:31:48.233	L(-0,06,-0,48,0,01)	R(-0,26,-0,26,0,23)
19:31:49.251	L(-0,07,-0,48,0,01)	R(0,13,-0,24,0,04)
19:31:50.266	L(-0,07,-0,49,0,01)	R(0,14,-0,27,0,05)
19:31:51.282	L(-0,07,-0,49,0,01)	R(-0,05,-0,28,0,05)
19:31:52.314	L(-0,06,-0,48,-0,01)	R(-0,01,-0,22,0,07)
19:31:53.331	L(-0,06,-0,49,0,00)	R(0,15,-0,26,0,03)
19:31:54.346	L(-0,05,-0,48,-0,02)	R(-0,24,-0,25,0,17)
19:31:55.363	L(-0,06,-0,48,-0,01)	R(0,07,-0,24,0,03)
19:31:56.381	L(-0,06,-0,48,-0,01)	R(0,15,-0,27,0,01)
19:31:57.396	L(-0,05,-0,48,-0,01)	R(-0,27,-0,27,0,26)
19:31:58.409	L(-0,07,-0,49,0,01)	R(0,05,-0,27,0,04)
19:31:59.430	L(-0,06,-0,49,0,00)	R(0,08,-0,29,0,06)
19:32:00.443	L(-0,05,-0,49,-0,01)	R(-0,28,-0,26,0,25)
19:32:01.461	L(-0,06,-0,49,0,00)	R(0,07,-0,26,0,02)
19:32:02.478	L(-0,05,-0,50,0,00)	R(0,08,-0,28,0,04)
19:32:03.495	L(-0,05,-0,49,-0,01)	R(-0,27,-0,26,0,23)
19:32:04.509	L(-0,05,-0,50,-0,01)	R(0,07,-0,27,-0,01)
19:32:05.527	L(-0,05,-0,50,-0,01)	R(0,07,-0,28,0,01)
19:32:06.543	L(-0,05,-0,50,-0,01)	R(-0,01,-0,27,0,01)
19:32:07.558	L(-0,05,-0,50,-0,01)	R(-0,15,-0,22,0,12)
19:32:08.575	L(-0,05,-0,50,-0,01)	R(0,08,-0,28,-0,01)
19:32:09.592	L(-0,05,-0,50,-0,01)	R(0,07,-0,28,-0,02)
19:32:10.621	L(-0,05,-0,50,0,00)	R(0,08,-0,31,0,00)
19:32:11.640	L(-0,05,-0,50,-0,01)	R(0,11,-0,25,0,01)
19:32:12.657	L(-0,05,-0,50,-0,01)	R(0,10,-0,28,0,02)
19:32:13.671	L(-0,05,-0,51,-0,01)	R(0,10,-0,31,0,00)
19:32:14.687	L(-0,05,-0,51,-0,01)	R(0,10,-0,23,0,00)
19:32:15.704	L(-0,05,-0,51,-0,01)	R(0,10,-0,29,0,03)
19:32:16.723	L(-0,05,-0,51,-0,01)	R(0,07,-0,29,0,01)
19:32:17.738	L(-0,05,-0,51,-0,01)	R(0,09,-0,27,0,02)
19:32:18.754	L(-0,05,-0,51,-0,01)	R(0,12,-0,26,0,08)
19:32:19.770	L(-0,05,-0,51,-0,01)	R(0,12,-0,27,0,08)
19:32:20.783	L(-0,05,-0,51,-0,01)	R(0,10,-0,27,0,00)
19:32:21.804	L(-0,05,-0,51,-0,01)	R(0,10,-0,25,0,01)
19:32:22.819	L(-0,05,-0,51,-0,01)	R(0,04,-0,25,0,06)
19:32:23.834	L(-0,05,-0,51,-0,01)	R(0,05,-0,28,0,06)
19:32:24.854	L(-0,04,-0,51,-0,01)	R(0,07,-0,30,-0,02)
19:32:25.871	L(-0,04,-0,51,-0,01)	R(0,10,-0,28,0,00)
19:32:26.887	L(-0,04,-0,51,-0,01)	R(0,15,-0,27,0,01)
19:32:27.902	L(-0,04,-0,52,-0,01)	R(0,15,-0,27,0,01)
19:32:28.920	L(-0,04,-0,52,-0,01)	R(0,13,-0,26,0,01)
19:32:29.935	L(-0,04,-0,51,-0,01)	R(0,05,-0,32,0,00)
19:32:30.965	L(-0,04,-0,51,-0,01)	R(0,05,-0,32,-0,01)
19:32:31.982	L(-0,04,-0,51,-0,01)	R(0,06,-0,28,0,01)
19:32:32.998	L(-0,04,-0,52,-0,01)	R(0,13,-0,22,0,04)
19:32:34.016	L(-0,04,-0,52,-0,01)	R(0,15,-0,26,0,06)
19:32:35.032	L(-0,04,-0,51,-0,01)	R(0,12,-0,25,0,02)
19:32:36.049	L(-0,04,-0,52,-0,01)	R(0,14,-0,25,0,01)
19:32:37.063	L(-0,02,-0,31,-0,02)	R(0,18,-0,30,-0,05)
19:32:38.079	L(-0,01,-0,27,0,02)	R(0,18,-0,31,-0,07)
19:32:39.097	L(-0,13,-0,26,0,09)	R(0,17,-0,32,-0,07)
19:32:40.115	L(-0,12,-0,27,0,10)	R(0,17,-0,32,-0,07)
19:32:41.130	L(-0,12,-0,26,0,11)	R(0,17,-0,32,-0,07)
19:32:42.145	L(0,01,-0,27,0,03)	R(0,18,-0,32,-0,07)
19:32:43.162	L(0,00,-0,25,0,04)	R(0,19,-0,32,-0,08)
19:32:44.176	L(0,04,-0,23,0,05)	R(0,19,-0,34,-0,08)
19:32:45.195	L(0,06,-0,25,0,06)	R(0,19,-0,34,-0,08)
19:32:46.212	L(-0,03,-0,30,-0,10)	R(0,11,-0,27,0,02)
19:32:47.229	L(-0,03,-0,32,-0,10)	R(0,11,-0,25,0,02)
19:32:48.240	L(-0,04,-0,46,-0,04)	R(0,15,-0,25,0,03)
19:32:49.259	L(-0,04,-0,47,-0,04)	R(0,09,-0,29,0,00)
19:32:50.279	L(-0,04,-0,47,-0,04)	R(0,07,-0,28,0,00)
19:32:51.294	L(-0,03,-0,47,-0,01)	R(0,02,-0,31,-0,05)
19:32:52.364	L(-0,04,-0,48,-0,01)	R(0,03,-0,30,-0,05)
19:32:53.367	L(-0,04,-0,48,-0,01)	R(0,03,-0,30,-0,05)
