13:33:40.118	L(-0,05,-0,54,0,27)	R(0,04,-0,42,0,21)
13:33:41.165	L(-0,05,-0,54,0,27)	R(-0,06,-0,31,0,17)
13:33:42.201	L(-0,05,-0,55,0,27)	R(-0,03,-0,29,0,21)
13:33:43.218	L(-0,05,-0,57,0,28)	R(-0,10,-0,28,0,41)
13:33:44.234	L(-0,05,-0,55,0,27)	R(-0,02,-0,29,0,20)
13:33:45.250	L(-0,05,-0,56,0,28)	R(-0,09,-0,29,0,32)
13:33:46.266	L(-0,05,-0,54,0,26)	R(0,07,-0,25,0,27)
13:33:47.285	L(-0,05,-0,54,0,26)	R(0,07,-0,28,0,26)
13:33:48.300	L(-0,05,-0,54,0,26)	R(-0,08,-0,26,0,29)
13:33:49.318	L(-0,05,-0,55,0,27)	R(0,01,-0,28,0,21)
13:33:50.333	L(-0,05,-0,57,0,28)	R(-0,12,-0,29,0,41)
13:33:51.351	L(-0,05,-0,54,0,26)	R(0,10,-0,27,0,26)
13:33:52.367	L(-0,05,-0,54,0,26)	R(0,08,-0,27,0,23)
13:33:53.382	L(-0,05,-0,55,0,27)	R(0,09,-0,27,0,24)
13:33:54.399	L(-0,05,-0,54,0,27)	R(0,07,-0,27,0,23)
13:33:55.417	L(-0,05,-0,56,0,27)	R(-0,12,-0,26,0,38)
13:33:56.431	L(-0,05,-0,54,0,26)	R(0,05,-0,26,0,22)
13:33:57.448	L(-0,05,-0,54,0,26)	R(0,06,-0,28,0,22)
13:33:58.464	L(-0,05,-0,54,0,26)	R(-0,08,-0,28,0,29)
13:33:59.481	L(-0,05,-0,55,0,26)	R(0,13,-0,26,0,23)
13:34:00.498	L(-0,05,-0,55,0,26)	R(0,11,-0,28,0,24)
13:34:01.514	L(-0,05,-0,56,0,27)	R(-0,12,-0,28,0,40)
13:34:02.531	L(-0,05,-0,54,0,26)	R(0,09,-0,27,0,21)
13:34:03.547	L(-0,05,-0,55,0,26)	R(0,09,-0,28,0,22)
13:34:04.563	L(-0,05,-0,56,0,27)	R(-0,11,-0,29,0,36)
13:34:05.579	L(-0,05,-0,54,0,26)	R(0,17,-0,26,0,23)
13:34:06.596	L(-0,05,-0,54,0,26)	R(0,10,-0,27,0,19)
13:34:07.613	L(-0,05,-0,55,0,26)	R(-0,05,-0,25,0,30)
13:34:08.629	L(-0,05,-0,55,0,26)	R(0,14,-0,28,0,22)
13:34:09.645	L(-0,05,-0,55,0,26)	R(0,08,-0,29,0,20)
13:34:10.661	L(-0,05,-0,55,0,26)	R(-0,04,-0,26,0,34)
13:34:11.678	L(-0,05,-0,55,0,26)	R(0,19,-0,26,0,23)
13:34:12.693	L(-0,05,-0,54,0,26)	R(-0,13,-0,27,0,33)
13:34:13.711	L(-0,05,-0,54,0,26)	R(0,05,-0,25,0,23)
13:34:14.728	L(-0,05,-0,54,0,26)	R(0,00,-0,28,0,21)
13:34:15.743	L(-0,05,-0,54,0,26)	R(-0,05,-0,26,0,27)
13:34:16.760	L(-0,05,-0,55,0,26)	R(0,02,-0,28,0,20)
13:34:17.792	L(-0,05,-0,55,0,27)	R(-0,11,-0,29,0,39)
13:34:18.806	L(-0,05,-0,54,0,26)	R(0,09,-0,27,0,21)
13:34:19.823	L(-0,05,-0,54,0,26)	R(0,08,-0,28,0,21)
13:34:20.839	L(-0,05,-0,55,0,26)	R(-0,10,-0,29,0,35)
13:34:21.856	L(-0,04,-0,54,0,26)	R(0,06,-0,28,0,19)
13:34:22.872	L(-0,04,-0,55,0,26)	R(-0,04,-0,29,0,22)
13:34:23.887	L(-0,05,-0,55,0,27)	R(0,05,-0,23,0,26)
13:34:24.904	L(-0,04,-0,55,0,26)	R(0,14,-0,26,0,23)
13:34:25.920	L(-0,05,-0,55,0,26)	R(-0,11,-0,26,0,38)
13:34:26.938	L(-0,04,-0,55,0,26)	R(0,09,-0,28,0,19)
13:34:27.954	L(-0,04,-0,55,0,26)	R(0,08,-0,29,0,19)
13:34:28.985	L(-0,05,-0,55,0,27)	R(-0,08,-0,27,0,33)
13:34:30.015	L(-0,04,-0,54,0,26)	R(0,17,-0,26,0,21)
13:34:31.044	L(-0,04,-0,55,0,26)	R(0,06,-0,29,0,19)
13:34:32.061	L(-0,05,-0,55,0,26)	R(0,00,-0,23,0,26)
13:34:33.091	L(-0,04,-0,54,0,26)	R(0,12,-0,28,0,20)
13:34:34.120	L(-0,05,-0,56,0,27)	R(-0,12,-0,29,0,40)
13:34:35.138	L(-0,04,-0,55,0,26)	R(0,20,-0,26,0,21)
13:34:36.168	L(-0,04,-0,55,0,26)	R(0,01,-0,29,0,18)
13:34:37.199	L(-0,05,-0,54,0,26)	R(-0,05,-0,25,0,22)
13:34:38.230	L(-0,05,-0,54,0,26)	R(-0,01,-0,30,0,18)
13:34:39.274	L(-0,05,-0,55,0,26)	R(-0,08,-0,27,0,27)
13:34:40.316	L(-0,05,-0,55,0,26)	R(0,00,-0,30,0,15)
13:34:41.348	L(-0,05,-0,59,0,29)	R(-0,12,-0,29,0,38)
13:34:42.364	L(-0,05,-0,54,0,26)	R(0,07,-0,25,0,23)
13:34:43.395	L(-0,04,-0,57,0,28)	R(-0,05,-0,26,0,23)
13:34:44.409	L(-0,05,-0,54,0,26)	R(0,05,-0,19,0,21)
13:34:45.441	L(-0,05,-0,54,0,26)	R(0,06,-0,28,0,20)
13:34:46.471	L(-0,05,-0,55,0,27)	R(-0,07,-0,26,0,30)
13:34:47.502	L(-0,05,-0,54,0,26)	R(0,03,-0,29,0,17)
13:34:48.519	L(-0,05,-0,56,0,28)	R(-0,08,-0,30,0,28)
13:34:49.549	L(-0,05,-0,54,0,26)	R(0,04,-0,27,0,13)
13:34:50.580	L(-0,05,-0,54,0,26)	R(0,01,-0,31,0,16)
13:34:51.608	L(-0,05,-0,55,0,27)	R(0,01,-0,22,0,28)
13:34:52.680	L(-0,04,-0,54,0,26)	R(0,10,-0,27,0,22)
13:34:53.737	L(-0,05,-0,55,0,26)	R(-0,11,-0,27,0,36)
13:34:54.785	L(-0,05,-0,55,0,26)	R(0,10,-0,26,0,19)
13:34:55.826	L(-0,05,-0,55,0,27)	R(-0,10,-0,28,0,35)
13:34:56.859	L(-0,04,-0,54,0,26)	R(0,06,-0,27,0,17)
13:34:57.903	L(-0,04,-0,55,0,26)	R(-0,01,-0,30,0,19)
13:34:58.931	L(-0,05,-0,54,0,26)	R(0,05,-0,25,0,15)
13:34:59.977	L(-0,04,-0,54,0,26)	R(0,05,-0,30,0,15)
13:35:01.008	L(-0,05,-0,56,0,27)	R(-0,04,-0,26,0,30)
13:35:02.039	L(-0,04,-0,54,0,26)	R(0,13,-0,26,0,21)
13:35:03.069	L(-0,05,-0,55,0,27)	R(-0,13,-0,27,0,38)
13:35:04.099	L(-0,04,-0,55,0,26)	R(0,15,-0,25,0,17)
13:35:05.129	L(-0,04,-0,55,0,26)	R(0,08,-0,28,0,15)
13:35:06.158	L(-0,05,-0,55,0,26)	R(-0,04,-0,24,0,28)
13:35:07.175	L(-0,04,-0,55,0,26)	R(0,09,-0,28,0,18)
13:35:08.205	L(-0,05,-0,57,0,28)	R(-0,13,-0,29,0,41)
13:35:09.237	L(-0,04,-0,54,0,26)	R(0,09,-0,28,0,15)
13:35:10.264	L(-0,05,-0,57,0,28)	R(-0,09,-0,29,0,29)
13:35:11.309	L(-0,04,-0,54,0,26)	R(0,18,-0,23,0,19)
13:35:12.366	L(-0,04,-0,55,0,26)	R(0,17,-0,27,0,20)
13:35:13.411	L(-0,05,-0,55,0,26)	R(-0,08,-0,29,0,30)
13:35:14.456	L(-0,04,-0,55,0,27)	R(0,17,-0,23,0,18)
13:35:15.504	L(-0,04,-0,55,0,26)	R(0,17,-0,27,0,18)
13:35:16.571	L(-0,05,-0,56,0,27)	R(-0,11,-0,27,0,39)
13:35:17.631	L(-0,04,-0,54,0,26)	R(0,13,-0,25,0,18)
13:35:18.664	L(-0,04,-0,55,0,26)	R(0,12,-0,28,0,17)
13:35:19.721	L(-0,04,-0,56,0,27)	R(-0,08,-0,30,0,29)
13:35:20.754	L(-0,04,-0,55,0,26)	R(0,10,-0,26,0,14)
13:35:21.798	L(-0,04,-0,55,0,26)	R(0,11,-0,29,0,15)
13:35:22.851	L(-0,05,-0,55,0,27)	R(-0,14,-0,28,0,40)
13:35:23.901	L(-0,04,-0,54,0,26)	R(0,20,-0,25,0,18)
13:35:24.945	L(-0,04,-0,55,0,26)	R(0,13,-0,29,0,15)
13:35:26.002	L(-0,04,-0,55,0,26)	R(-0,06,-0,25,0,32)
13:35:27.056	L(-0,04,-0,55,0,26)	R(0,21,-0,27,0,16)
13:35:28.102	L(-0,04,-0,55,0,26)	R(0,24,-0,26,0,11)
13:35:29.135	L(-0,03,-0,55,0,26)	R(0,49,-0,20,0,04)
13:35:30.135	L(-0,03,-0,55,0,26)	R(0,46,-0,26,0,02)
13:35:31.139	L(-0,03,-0,55,0,26)	R(0,49,-0,25,0,02)
13:35:32.142	L(-0,04,-0,55,0,26)	R(0,51,-0,27,0,01)
13:35:33.186	L(-0,04,-0,55,0,26)	R(0,00,-0,18,0,14)
13:35:34.227	L(-0,04,-0,55,0,26)	R(-0,05,-0,22,0,16)
13:35:35.294	L(-0,04,-0,54,0,25)	R(0,04,-0,30,0,15)
13:35:36.318	L(-0,04,-0,54,0,25)	R(0,15,-0,16,0,20)
13:35:37.351	L(-0,04,-0,55,0,26)	R(0,24,-0,30,0,20)
13:35:38.405	L(-0,04,-0,55,0,26)	R(-0,02,-0,27,0,15)
13:35:39.450	L(-0,04,-0,55,0,26)	R(-0,03,-0,29,0,16)
13:35:40.492	L(-0,04,-0,55,0,26)	R(0,26,-0,26,0,29)
13:35:41.563	L(-0,04,-0,54,0,26)	R(0,04,-0,24,0,16)
13:35:42.596	L(-0,04,-0,55,0,25)	R(0,01,-0,29,0,16)
13:35:43.654	L(-0,04,-0,54,0,25)	R(0,01,-0,29,0,16)
13:35:44.699	L(-0,04,-0,55,0,26)	R(0,28,-0,30,0,32)
13:35:45.742	L(-0,04,-0,55,0,26)	R(0,07,-0,28,0,17)
13:35:46.791	L(-0,04,-0,55,0,26)	R(0,06,-0,29,0,17)
13:35:47.861	L(-0,04,-0,55,0,26)	R(0,27,-0,29,0,33)
13:35:48.917	L(-0,04,-0,55,0,26)	R(0,10,-0,28,0,17)
13:35:49.975	L(-0,04,-0,55,0,26)	R(0,09,-0,29,0,16)
13:35:51.020	L(-0,04,-0,55,0,26)	R(0,27,-0,30,0,29)
13:35:52.063	L(-0,04,-0,55,0,26)	R(0,13,-0,28,0,16)
13:35:53.120	L(-0,04,-0,55,0,26)	R(0,12,-0,29,0,14)
13:35:54.159	L(-0,04,-0,55,0,26)	R(0,06,-0,34,0,10)
13:35:55.203	L(-0,04,-0,55,0,26)	R(0,09,-0,14,0,17)
13:35:56.244	L(-0,04,-0,55,0,26)	R(0,06,-0,20,0,20)
13:35:57.287	L(-0,04,-0,55,0,26)	R(0,06,-0,23,0,20)
13:35:58.343	L(-0,04,-0,55,0,26)	R(0,07,-0,21,0,19)
13:35:59.414	L(-0,04,-0,55,0,26)	R(0,26,-0,30,0,26)
13:36:00.458	L(-0,04,-0,55,0,26)	R(0,01,-0,28,0,21)
13:36:01.517	L(-0,04,-0,55,0,26)	R(0,01,-0,29,0,21)
13:36:02.562	L(-0,04,-0,55,0,26)	R(0,26,-0,28,0,31)
13:36:03.607	L(-0,04,-0,55,0,26)	R(0,08,-0,26,0,21)
13:36:04.636	L(-0,04,-0,55,0,26)	R(0,05,-0,29,0,22)
13:36:05.681	L(-0,04,-0,55,0,26)	R(0,06,-0,26,0,21)
13:36:06.725	L(-0,04,-0,55,0,26)	R(0,05,-0,27,0,22)
13:36:07.771	L(-0,04,-0,55,0,26)	R(0,05,-0,28,0,22)
13:36:08.813	L(-0,04,-0,55,0,26)	R(0,05,-0,28,0,21)
13:36:09.845	L(-0,04,-0,55,0,26)	R(0,05,-0,28,0,21)
13:36:10.900	L(-0,04,-0,55,0,26)	R(0,28,-0,30,0,30)
13:36:11.947	L(-0,04,-0,55,0,26)	R(0,09,-0,28,0,21)
13:36:13.004	L(-0,04,-0,55,0,26)	R(0,09,-0,28,0,21)
13:36:14.061	L(-0,04,-0,55,0,26)	R(0,28,-0,31,0,28)
13:36:15.108	L(-0,04,-0,55,0,26)	R(0,13,-0,28,0,22)
13:36:16.140	L(-0,04,-0,55,0,26)	R(0,13,-0,28,0,22)
13:36:17.166	L(-0,04,-0,55,0,26)	R(0,33,-0,25,0,13)
13:36:18.187	L(-0,03,-0,55,0,26)	R(0,61,-0,26,0,07)
13:36:19.204	L(-0,03,-0,55,0,26)	R(0,24,-0,14,0,26)
13:36:20.259	L(-0,04,-0,55,0,26)	R(0,09,-0,21,0,46)
13:36:21.317	L(-0,04,-0,55,0,25)	R(0,05,-0,17,0,25)
13:36:22.377	L(-0,04,-0,55,0,26)	R(0,05,-0,23,0,26)
13:36:23.447	L(-0,04,-0,55,0,26)	R(0,05,-0,23,0,25)
13:36:24.478	L(-0,04,-0,55,0,26)	R(0,05,-0,24,0,24)
13:36:25.523	L(-0,04,-0,55,0,26)	R(0,07,-0,22,0,24)
13:36:26.568	L(-0,04,-0,55,0,26)	R(0,07,-0,23,0,24)
13:36:27.611	L(-0,04,-0,55,0,26)	R(0,07,-0,24,0,26)
13:36:28.643	L(-0,04,-0,55,0,26)	R(0,07,-0,22,0,23)
13:36:29.684	L(-0,04,-0,55,0,26)	R(0,07,-0,24,0,22)
13:36:30.730	L(-0,04,-0,55,0,26)	R(0,06,-0,24,0,22)
13:36:31.774	L(-0,04,-0,55,0,26)	R(0,06,-0,23,0,21)
13:36:32.833	L(-0,04,-0,55,0,26)	R(0,06,-0,24,0,20)
13:36:33.876	L(-0,04,-0,55,0,26)	R(0,08,-0,24,0,20)
13:36:34.908	L(-0,04,-0,55,0,26)	R(0,09,-0,23,0,19)
13:36:35.952	L(-0,04,-0,55,0,26)	R(0,09,-0,23,0,20)
13:36:36.995	L(-0,04,-0,55,0,26)	R(0,09,-0,23,0,22)
13:36:38.039	L(-0,04,-0,55,0,26)	R(0,08,-0,23,0,23)
13:36:39.072	L(-0,04,-0,55,0,26)	R(0,08,-0,23,0,24)
13:36:40.087	L(-0,04,-0,55,0,26)	R(0,08,-0,24,0,25)
13:36:41.131	L(-0,04,-0,55,0,26)	R(0,10,-0,23,0,25)
13:36:42.175	L(-0,04,-0,55,0,26)	R(0,10,-0,23,0,25)
13:36:43.233	L(-0,04,-0,55,0,26)	R(0,10,-0,23,0,23)
13:36:44.278	L(-0,04,-0,55,0,26)	R(0,10,-0,23,0,21)
13:36:45.321	L(-0,04,-0,55,0,26)	R(0,10,-0,24,0,21)
13:36:46.380	L(-0,04,-0,55,0,26)	R(0,10,-0,24,0,19)
13:36:47.436	L(-0,04,-0,55,0,26)	R(0,11,-0,22,0,23)
13:36:48.481	L(-0,04,-0,55,0,26)	R(0,11,-0,24,0,25)
13:36:49.526	L(-0,04,-0,55,0,26)	R(0,13,-0,23,0,25)
13:36:50.585	L(-0,04,-0,55,0,26)	R(0,12,-0,22,0,23)
13:36:51.630	L(-0,04,-0,55,0,26)	R(0,11,-0,23,0,23)
13:36:52.674	L(-0,04,-0,55,0,26)	R(0,13,-0,23,0,23)
13:36:53.732	L(-0,04,-0,55,0,26)	R(0,13,-0,23,0,20)
13:36:54.790	L(-0,04,-0,55,0,26)	R(0,13,-0,23,0,20)
13:36:55.849	L(-0,04,-0,55,0,26)	R(0,11,-0,24,0,21)
13:36:56.893	L(-0,04,-0,55,0,26)	R(0,12,-0,23,0,18)
13:36:57.926	L(-0,04,-0,55,0,26)	R(0,13,-0,22,0,18)
13:36:58.981	L(-0,04,-0,55,0,26)	R(0,14,-0,24,0,18)
13:37:00.026	L(-0,04,-0,55,0,26)	R(0,15,-0,24,0,18)
13:37:01.069	L(-0,04,-0,55,0,26)	R(0,16,-0,23,0,18)
13:37:02.128	L(-0,04,-0,55,0,26)	R(0,16,-0,23,0,18)
13:37:03.176	L(-0,04,-0,55,0,26)	R(0,16,-0,23,0,20)
13:37:04.219	L(-0,04,-0,55,0,26)	R(0,14,-0,22,0,20)
13:37:05.275	L(-0,04,-0,55,0,26)	R(0,14,-0,22,0,21)
13:37:06.318	L(-0,04,-0,55,0,26)	R(0,14,-0,23,0,23)
13:37:07.363	L(-0,04,-0,55,0,26)	R(0,14,-0,23,0,23)
13:37:08.393	L(-0,04,-0,55,0,26)	R(0,14,-0,23,0,25)
13:37:09.447	L(-0,04,-0,55,0,26)	R(0,16,-0,23,0,25)
13:37:10.495	L(-0,04,-0,55,0,26)	R(0,16,-0,23,0,24)
13:37:11.565	L(-0,04,-0,55,0,26)	R(0,16,-0,23,0,23)
13:37:12.611	L(-0,04,-0,55,0,26)	R(0,18,-0,21,0,22)
13:37:13.682	L(-0,04,-0,55,0,25)	R(0,26,-0,30,0,19)
13:37:14.741	L(-0,04,-0,55,0,26)	R(0,11,-0,27,0,20)
13:37:15.799	L(-0,04,-0,55,0,25)	R(0,07,-0,28,0,20)
13:37:16.845	L(-0,04,-0,55,0,26)	R(0,05,-0,33,0,20)
13:37:17.891	L(-0,04,-0,55,0,26)	R(0,24,-0,33,0,18)
13:37:18.945	L(-0,04,-0,55,0,25)	R(0,05,-0,20,0,24)
13:37:19.990	L(-0,04,-0,55,0,26)	R(0,03,-0,22,0,25)
13:37:21.034	L(-0,04,-0,55,0,26)	R(0,04,-0,21,0,23)
13:37:22.080	L(-0,04,-0,55,0,26)	R(0,05,-0,23,0,23)
13:37:23.137	L(-0,04,-0,55,0,26)	R(0,05,-0,22,0,25)
13:37:24.183	L(-0,04,-0,55,0,26)	R(0,04,-0,21,0,23)
13:37:25.225	L(-0,04,-0,55,0,26)	R(0,03,-0,23,0,23)
13:37:26.270	L(-0,04,-0,55,0,26)	R(0,03,-0,21,0,21)
13:37:27.314	L(-0,04,-0,55,0,26)	R(0,03,-0,23,0,21)
13:37:28.358	L(-0,04,-0,55,0,26)	R(0,05,-0,22,0,21)
13:37:29.402	L(-0,04,-0,55,0,26)	R(0,04,-0,22,0,20)
13:37:30.449	L(-0,04,-0,55,0,26)	R(0,04,-0,23,0,20)
13:37:31.492	L(-0,04,-0,55,0,26)	R(0,05,-0,23,0,19)
13:37:32.535	L(-0,04,-0,55,0,26)	R(0,06,-0,23,0,19)
13:37:33.579	L(-0,04,-0,55,0,26)	R(0,07,-0,22,0,19)
13:37:34.625	L(-0,04,-0,55,0,26)	R(0,07,-0,23,0,21)
13:37:35.668	L(-0,04,-0,55,0,26)	R(0,06,-0,22,0,23)
13:37:36.713	L(-0,04,-0,55,0,26)	R(0,06,-0,23,0,23)
13:37:37.757	L(-0,04,-0,55,0,26)	R(0,06,-0,23,0,25)
13:37:38.800	L(-0,04,-0,55,0,26)	R(0,07,-0,22,0,24)
13:37:39.845	L(-0,04,-0,55,0,26)	R(0,08,-0,23,0,24)
13:37:40.891	L(-0,04,-0,55,0,26)	R(0,08,-0,23,0,22)
13:37:41.946	L(-0,04,-0,55,0,26)	R(0,08,-0,23,0,22)
13:37:42.993	L(-0,04,-0,55,0,26)	R(0,08,-0,23,0,20)
13:37:44.050	L(-0,04,-0,55,0,26)	R(0,08,-0,23,0,18)
13:37:45.108	L(-0,04,-0,55,0,26)	R(0,09,-0,22,0,18)
13:37:46.179	L(-0,04,-0,55,0,26)	R(0,10,-0,23,0,18)
13:37:47.225	L(-0,04,-0,55,0,26)	R(0,09,-0,23,0,18)
13:37:48.270	L(-0,04,-0,55,0,26)	R(0,09,-0,23,0,20)
13:37:49.314	L(-0,04,-0,55,0,26)	R(0,10,-0,22,0,21)
13:37:50.371	L(-0,04,-0,55,0,26)	R(0,10,-0,23,0,22)
13:37:51.417	L(-0,04,-0,55,0,26)	R(0,09,-0,23,0,24)
13:37:52.487	L(-0,04,-0,55,0,26)	R(0,10,-0,22,0,24)
13:37:53.533	L(-0,04,-0,55,0,26)	R(0,11,-0,23,0,24)
13:37:54.590	L(-0,04,-0,55,0,26)	R(0,11,-0,22,0,22)
13:37:55.650	L(-0,04,-0,55,0,26)	R(0,11,-0,23,0,22)
13:37:56.707	L(-0,04,-0,55,0,26)	R(0,11,-0,23,0,20)
13:37:57.765	L(-0,04,-0,55,0,26)	R(0,11,-0,22,0,18)
13:37:58.824	L(-0,04,-0,55,0,26)	R(0,11,-0,23,0,18)
13:37:59.881	L(-0,04,-0,55,0,26)	R(0,13,-0,23,0,17)
13:38:00.939	L(-0,04,-0,55,0,26)	R(0,13,-0,22,0,18)
13:38:01.997	L(-0,04,-0,55,0,26)	R(0,13,-0,23,0,19)
13:38:03.055	L(-0,04,-0,55,0,26)	R(0,12,-0,22,0,21)
13:38:04.114	L(-0,04,-0,55,0,26)	R(0,12,-0,23,0,21)
13:38:05.172	L(-0,04,-0,55,0,26)	R(0,12,-0,23,0,24)
13:38:06.242	L(-0,04,-0,55,0,26)	R(0,13,-0,21,0,23)
13:38:07.289	L(-0,04,-0,55,0,26)	R(0,14,-0,23,0,23)
13:38:08.336	L(-0,04,-0,55,0,26)	R(0,14,-0,23,0,21)
13:38:09.377	L(-0,04,-0,55,0,26)	R(0,14,-0,22,0,19)
13:38:10.435	L(-0,04,-0,55,0,26)	R(0,14,-0,23,0,19)
13:38:11.482	L(-0,04,-0,55,0,26)	R(0,14,-0,23,0,17)
13:38:12.552	L(-0,04,-0,55,0,26)	R(0,15,-0,22,0,17)
13:38:13.595	L(-0,04,-0,55,0,26)	R(0,16,-0,24,0,17)
13:38:14.643	L(-0,04,-0,55,0,26)	R(0,17,-0,23,0,17)
13:38:15.711	L(-0,04,-0,55,0,26)	R(0,17,-0,22,0,18)
13:38:16.745	L(-0,04,-0,55,0,26)	R(0,17,-0,24,0,19)
13:38:17.790	L(-0,04,-0,55,0,26)	R(0,15,-0,23,0,19)
13:38:18.845	L(-0,04,-0,55,0,26)	R(0,15,-0,23,0,19)
13:38:19.904	L(-0,04,-0,55,0,26)	R(0,15,-0,23,0,21)
13:38:20.960	L(-0,04,-0,55,0,26)	R(0,16,-0,21,0,21)
13:38:22.008	L(-0,04,-0,55,0,26)	R(0,15,-0,23,0,23)
13:38:23.063	L(-0,04,-0,55,0,26)	R(0,16,-0,22,0,23)
13:38:24.121	L(-0,04,-0,55,0,26)	R(0,17,-0,23,0,23)
13:38:25.179	L(-0,04,-0,55,0,26)	R(0,17,-0,23,0,21)
13:38:26.227	L(-0,04,-0,55,0,26)	R(0,17,-0,23,0,21)
13:38:27.280	L(-0,04,-0,55,0,26)	R(0,26,-0,28,0,18)
13:38:28.315	L(-0,04,-0,55,0,26)	R(0,20,-0,28,0,15)
13:38:29.371	L(-0,03,-0,56,0,25)	R(0,14,-0,29,0,12)
13:38:30.413	L(-0,03,-0,56,0,25)	R(0,12,-0,30,0,12)
13:38:31.491	L(-0,03,-0,56,0,25)	R(0,12,-0,30,0,12)
13:38:32.563	L(-0,03,-0,56,0,25)	R(0,12,-0,30,0,12)
