18:31:46.411	L(-0,05,-0,46,0,20)	R(0,10,-0,39,0,18)
18:31:47.419	L(-0,04,-0,49,0,20)	R(-0,01,-0,31,0,15)
18:31:48.464	L(-0,04,-0,49,0,20)	R(-0,02,-0,31,0,14)
18:31:49.525	L(-0,04,-0,48,0,19)	R(-0,06,-0,28,0,19)
18:31:50.562	L(-0,04,-0,49,0,20)	R(-0,03,-0,30,0,23)
18:31:51.580	L(-0,02,-0,61,0,13)	R(-0,21,-0,25,0,34)
18:31:52.596	L(-0,05,-0,50,0,21)	R(-0,01,-0,26,0,22)
18:31:53.614	L(-0,05,-0,51,0,20)	R(-0,02,-0,30,0,21)
18:31:54.630	L(-0,04,-0,50,0,20)	R(-0,24,-0,28,0,34)
18:31:55.645	L(-0,04,-0,50,0,19)	R(0,05,-0,26,0,28)
18:31:56.660	L(-0,03,-0,51,0,19)	R(-0,27,-0,24,0,40)
18:31:57.677	L(-0,04,-0,50,0,19)	R(0,02,-0,21,0,24)
18:31:58.694	L(-0,03,-0,51,0,19)	R(0,05,-0,25,0,25)
18:31:59.711	L(-0,03,-0,51,0,19)	R(0,05,-0,28,0,25)
18:32:00.727	L(-0,03,-0,52,0,20)	R(-0,25,-0,27,0,34)
18:32:01.742	L(-0,03,-0,52,0,19)	R(0,01,-0,28,0,22)
18:32:02.758	L(-0,03,-0,52,0,18)	R(-0,24,-0,26,0,36)
18:32:03.776	L(-0,03,-0,52,0,18)	R(0,08,-0,19,0,27)
18:32:04.794	L(-0,02,-0,52,0,18)	R(0,09,-0,27,0,27)
18:32:05.808	L(-0,02,-0,50,0,20)	R(-0,29,-0,28,0,42)
18:32:06.827	L(-0,02,-0,51,0,19)	R(0,05,-0,29,0,22)
18:32:07.843	L(-0,02,-0,52,0,18)	R(-0,01,-0,29,0,21)
18:32:08.856	L(-0,03,-0,51,0,20)	R(-0,15,-0,24,0,33)
18:32:09.873	L(-0,03,-0,51,0,19)	R(0,12,-0,26,0,26)
18:32:10.890	L(-0,02,-0,51,0,19)	R(-0,24,-0,24,0,37)
18:32:11.906	L(-0,02,-0,51,0,19)	R(0,05,-0,24,0,22)
18:32:12.937	L(-0,02,-0,51,0,19)	R(0,08,-0,29,0,22)
18:32:13.952	L(-0,02,-0,52,0,18)	R(0,09,-0,29,0,22)
18:32:14.969	L(-0,02,-0,52,0,18)	R(0,09,-0,27,0,22)
18:32:15.985	L(-0,02,-0,52,0,18)	R(0,12,-0,24,0,25)
18:32:17.002	L(-0,02,-0,52,0,18)	R(0,11,-0,27,0,23)
18:32:18.019	L(-0,02,-0,52,0,18)	R(0,12,-0,29,0,23)
18:32:19.035	L(-0,02,-0,53,0,18)	R(0,09,-0,26,0,22)
18:32:20.050	L(-0,02,-0,52,0,18)	R(0,06,-0,29,0,20)
18:32:21.067	L(-0,03,-0,52,0,19)	R(-0,23,-0,28,0,35)
18:32:22.083	L(-0,02,-0,50,0,18)	R(0,15,-0,26,0,25)
18:32:23.100	L(-0,01,-0,51,0,18)	R(-0,12,-0,25,0,26)
18:32:24.116	L(-0,02,-0,49,0,19)	R(-0,06,-0,16,0,26)
18:32:25.132	L(-0,02,-0,51,0,19)	R(0,12,-0,28,0,22)
18:32:26.149	L(-0,02,-0,52,0,18)	R(0,06,-0,28,0,20)
18:32:27.165	L(-0,02,-0,51,0,19)	R(-0,22,-0,25,0,34)
18:32:28.180	L(-0,02,-0,49,0,19)	R(0,20,-0,23,0,24)
18:32:29.198	L(-0,02,-0,50,0,19)	R(0,19,-0,27,0,24)
18:32:30.216	L(-0,02,-0,51,0,19)	R(-0,32,-0,27,0,42)
18:32:31.229	L(-0,02,-0,52,0,20)	R(-0,01,-0,28,0,17)
18:32:32.249	L(-0,02,-0,52,0,20)	R(-0,03,-0,30,0,19)
18:32:33.264	L(-0,03,-0,51,0,20)	R(-0,27,-0,27,0,37)
18:32:34.282	L(-0,03,-0,52,0,20)	R(-0,01,-0,29,0,17)
18:32:35.297	L(-0,02,-0,53,0,19)	R(-0,26,-0,28,0,38)
18:32:36.313	L(-0,01,-0,51,0,17)	R(0,07,-0,22,0,21)
18:32:37.328	L(-0,02,-0,51,0,18)	R(0,04,-0,27,0,23)
18:32:38.346	L(-0,01,-0,51,0,18)	R(0,02,-0,27,0,20)
18:32:39.362	L(-0,01,-0,51,0,17)	R(-0,31,-0,28,0,42)
18:32:40.379	L(-0,01,-0,51,0,17)	R(0,06,-0,26,0,20)
18:32:41.395	L(-0,01,-0,51,0,17)	R(0,01,-0,27,0,19)
18:32:42.410	L(-0,02,-0,51,0,17)	R(-0,22,-0,25,0,33)
18:32:43.428	L(-0,02,-0,52,0,17)	R(0,02,-0,27,0,20)
18:32:44.445	L(-0,01,-0,52,0,17)	R(0,01,-0,28,0,20)
18:32:45.463	L(-0,01,-0,51,0,17)	R(-0,29,-0,27,0,42)
18:32:46.477	L(-0,01,-0,52,0,16)	R(0,04,-0,27,0,17)
18:32:47.494	L(-0,01,-0,52,0,16)	R(0,01,-0,29,0,18)
18:32:48.509	L(-0,01,-0,53,0,16)	R(-0,23,-0,28,0,33)
18:32:49.526	L(-0,02,-0,52,0,16)	R(0,03,-0,24,0,18)
18:32:50.542	L(-0,02,-0,53,0,16)	R(0,02,-0,28,0,19)
18:32:51.558	L(-0,02,-0,53,0,16)	R(-0,18,-0,27,0,31)
18:32:52.574	L(-0,02,-0,51,0,16)	R(0,01,-0,20,0,27)
18:32:53.605	L(-0,02,-0,52,0,16)	R(0,08,-0,26,0,25)
18:32:54.622	L(-0,02,-0,52,0,16)	R(-0,12,-0,24,0,25)
18:32:55.638	L(-0,02,-0,51,0,15)	R(-0,03,-0,20,0,29)
18:32:56.655	L(-0,02,-0,52,0,15)	R(0,09,-0,26,0,23)
18:32:57.682	L(-0,01,-0,52,0,15)	R(0,03,-0,26,0,20)
18:32:58.701	L(-0,02,-0,51,0,16)	R(-0,23,-0,26,0,34)
18:32:59.713	L(-0,01,-0,52,0,14)	R(0,09,-0,26,0,20)
18:33:00.734	L(-0,01,-0,52,0,14)	R(0,07,-0,27,0,20)
18:33:01.749	L(-0,01,-0,52,0,14)	R(0,09,-0,28,0,17)
18:33:02.792	L(-0,01,-0,52,0,15)	R(0,09,-0,27,0,18)
18:33:03.808	L(-0,01,-0,52,0,14)	R(0,03,-0,34,0,15)
18:33:04.826	L(-0,01,-0,53,0,15)	R(0,04,-0,37,0,16)
18:33:05.845	L(-0,01,-0,52,0,14)	R(0,04,-0,33,0,15)
18:33:06.874	L(-0,01,-0,52,0,14)	R(0,03,-0,34,0,15)
18:33:07.899	L(-0,01,-0,52,0,14)	R(0,03,-0,31,0,16)
18:33:08.918	L(-0,01,-0,52,0,14)	R(0,03,-0,34,0,15)
18:33:09.951	L(-0,01,-0,52,0,14)	R(0,03,-0,34,0,15)
18:33:10.967	L(-0,01,-0,52,0,14)	R(0,03,-0,29,0,18)
18:33:11.983	L(-0,01,-0,52,0,14)	R(0,05,-0,27,0,22)
18:33:13.000	L(-0,01,-0,52,0,14)	R(0,02,-0,31,0,17)
18:33:14.018	L(-0,01,-0,52,0,14)	R(0,03,-0,30,0,16)
18:33:15.058	L(-0,01,-0,52,0,14)	R(0,02,-0,33,0,16)
18:33:16.102	L(-0,01,-0,52,0,14)	R(0,02,-0,29,0,18)
18:33:17.122	L(-0,04,-0,53,0,17)	R(0,03,-0,34,0,17)
18:33:18.136	L(-0,05,-0,49,0,21)	R(0,03,-0,30,0,21)
18:33:19.152	L(-0,05,-0,49,0,21)	R(0,06,-0,24,0,22)
18:33:20.169	L(-0,05,-0,49,0,21)	R(0,05,-0,29,0,24)
18:33:21.185	L(-0,05,-0,50,0,21)	R(0,04,-0,30,0,15)
18:33:22.202	L(-0,05,-0,50,0,20)	R(0,04,-0,29,0,19)
18:33:23.217	L(-0,05,-0,50,0,20)	R(0,03,-0,29,0,17)
18:33:24.234	L(-0,05,-0,54,0,22)	R(-0,23,-0,28,0,34)
18:33:25.250	L(-0,04,-0,50,0,19)	R(0,07,-0,26,0,22)
18:33:26.281	L(-0,04,-0,52,0,20)	R(-0,19,-0,24,0,31)
18:33:27.296	L(-0,05,-0,53,0,20)	R(0,06,-0,20,0,20)
18:33:28.314	L(-0,06,-0,54,0,21)	R(0,06,-0,28,0,23)
18:33:29.329	L(-0,06,-0,54,0,21)	R(-0,07,-0,26,0,21)
18:33:30.359	L(-0,08,-0,52,0,22)	R(-0,08,-0,23,0,20)
18:33:31.376	L(-0,07,-0,54,0,22)	R(0,06,-0,25,0,21)
18:33:32.421	L(-0,07,-0,54,0,22)	R(0,02,-0,26,0,19)
18:33:33.463	L(-0,06,-0,53,0,20)	R(-0,19,-0,25,0,31)
18:33:34.495	L(-0,06,-0,54,0,20)	R(0,12,-0,25,0,25)
18:33:35.540	L(-0,06,-0,55,0,20)	R(0,05,-0,26,0,20)
18:33:36.582	L(-0,07,-0,53,0,21)	R(-0,15,-0,25,0,32)
18:33:37.627	L(-0,07,-0,54,0,21)	R(0,12,-0,26,0,23)
18:33:38.683	L(-0,07,-0,54,0,21)	R(0,10,-0,28,0,21)
18:33:39.716	L(-0,07,-0,53,0,21)	R(-0,24,-0,28,0,36)
18:33:40.756	L(-0,07,-0,54,0,21)	R(0,12,-0,26,0,22)
18:33:41.789	L(-0,07,-0,54,0,20)	R(0,03,-0,27,0,19)
18:33:42.834	L(-0,07,-0,53,0,21)	R(-0,19,-0,25,0,32)
18:33:43.864	L(-0,07,-0,54,0,21)	R(0,08,-0,28,0,22)
18:33:44.880	L(-0,06,-0,55,0,20)	R(-0,05,-0,27,0,19)
18:33:45.910	L(-0,06,-0,53,0,21)	R(-0,15,-0,23,0,24)
18:33:46.942	L(-0,07,-0,55,0,21)	R(0,09,-0,27,0,19)
18:33:48.000	L(-0,07,-0,55,0,21)	R(0,07,-0,28,0,19)
18:33:49.029	L(-0,07,-0,54,0,21)	R(-0,26,-0,28,0,34)
18:33:50.105	L(-0,07,-0,55,0,20)	R(-0,10,-0,25,0,18)
18:33:51.170	L(-0,05,-0,56,0,20)	R(-0,25,-0,33,0,22)
18:33:52.190	L(-0,06,-0,54,0,19)	R(-0,08,-0,22,0,24)
18:33:53.220	L(-0,06,-0,55,0,19)	R(0,07,-0,28,0,17)
18:33:54.264	L(-0,06,-0,56,0,19)	R(0,06,-0,29,0,18)
18:33:55.290	L(-0,06,-0,55,0,19)	R(-0,25,-0,27,0,35)
18:33:56.339	L(-0,06,-0,55,0,19)	R(0,01,-0,26,0,22)
18:33:57.356	L(-0,06,-0,56,0,19)	R(0,15,-0,28,0,23)
18:33:58.385	L(-0,06,-0,56,0,20)	R(0,14,-0,28,0,24)
18:33:59.402	L(-0,06,-0,55,0,19)	R(-0,14,-0,25,0,23)
18:34:00.433	L(-0,06,-0,54,0,20)	R(-0,03,-0,21,0,26)
18:34:01.461	L(-0,06,-0,56,0,19)	R(0,15,-0,26,0,22)
18:34:02.479	L(-0,06,-0,56,0,19)	R(0,11,-0,27,0,20)
18:34:03.522	L(-0,06,-0,54,0,20)	R(-0,25,-0,28,0,36)
18:34:04.554	L(-0,06,-0,56,0,18)	R(0,15,-0,25,0,19)
18:34:05.569	L(-0,06,-0,56,0,18)	R(0,15,-0,27,0,20)
18:34:06.600	L(-0,05,-0,55,0,19)	R(-0,21,-0,26,0,31)
18:34:07.655	L(-0,05,-0,54,0,18)	R(0,07,-0,22,0,18)
18:34:08.674	L(-0,06,-0,56,0,18)	R(0,12,-0,27,0,21)
18:34:09.704	L(-0,06,-0,56,0,18)	R(0,04,-0,28,0,20)
18:34:10.762	L(-0,06,-0,54,0,19)	R(-0,22,-0,28,0,31)
18:34:11.790	L(-0,06,-0,56,0,19)	R(0,12,-0,27,0,19)
18:34:12.823	L(-0,06,-0,56,0,19)	R(0,10,-0,28,0,19)
18:34:13.865	L(-0,06,-0,54,0,20)	R(-0,27,-0,28,0,37)
18:34:14.896	L(-0,06,-0,55,0,19)	R(0,12,-0,27,0,18)
18:34:15.940	L(-0,06,-0,55,0,19)	R(0,07,-0,28,0,17)
18:34:16.971	L(-0,05,-0,55,0,19)	R(-0,30,-0,29,0,42)
18:34:18.017	L(-0,06,-0,54,0,18)	R(0,21,-0,23,0,23)
18:34:19.034	L(-0,06,-0,54,0,17)	R(0,20,-0,26,0,25)
18:34:20.077	L(-0,09,-0,52,0,21)	R(-0,29,-0,29,0,44)
18:34:21.118	L(-0,10,-0,52,0,21)	R(0,20,-0,22,0,22)
18:34:22.152	L(-0,10,-0,53,0,20)	R(0,19,-0,27,0,23)
18:34:23.195	L(-0,08,-0,52,0,19)	R(-0,26,-0,27,0,39)
18:34:24.250	L(-0,07,-0,53,0,18)	R(0,17,-0,23,0,17)
18:34:25.284	L(-0,07,-0,54,0,18)	R(0,20,-0,26,0,21)
18:34:26.325	L(-0,07,-0,53,0,18)	R(-0,18,-0,30,0,26)
18:34:27.369	L(-0,07,-0,53,0,17)	R(0,02,-0,30,0,18)
18:34:28.427	L(-0,07,-0,53,0,17)	R(0,04,-0,29,0,17)
18:34:29.456	L(-0,05,-0,52,0,19)	R(0,16,-0,27,0,18)
18:34:30.489	L(-0,06,-0,51,0,18)	R(-0,05,-0,27,0,18)
18:34:31.533	L(-0,05,-0,51,0,18)	R(-0,06,-0,28,0,19)
18:34:32.577	L(-0,05,-0,51,0,18)	R(0,04,-0,26,0,19)
18:34:33.632	L(-0,06,-0,51,0,18)	R(0,21,-0,27,0,25)
18:34:34.680	L(-0,05,-0,51,0,18)	R(-0,01,-0,28,0,19)
18:34:35.711	L(-0,05,-0,51,0,18)	R(-0,01,-0,29,0,19)
18:34:36.742	L(-0,06,-0,51,0,18)	R(0,25,-0,30,0,30)
18:34:37.773	L(-0,05,-0,51,0,18)	R(0,03,-0,29,0,19)
18:34:38.826	L(-0,05,-0,51,0,18)	R(0,27,-0,32,0,35)
18:34:39.885	L(-0,05,-0,51,0,18)	R(0,07,-0,28,0,20)
18:34:40.932	L(-0,05,-0,51,0,18)	R(0,07,-0,29,0,19)
18:34:41.977	L(-0,05,-0,52,0,18)	R(0,27,-0,32,0,34)
18:34:43.003	L(-0,05,-0,52,0,17)	R(0,10,-0,28,0,18)
18:34:44.047	L(-0,05,-0,52,0,17)	R(0,14,-0,25,0,22)
18:34:45.092	L(-0,06,-0,52,0,18)	R(0,07,-0,18,0,29)
18:34:46.124	L(-0,06,-0,51,0,18)	R(0,02,-0,21,0,26)
18:34:47.141	L(-0,06,-0,52,0,18)	R(0,03,-0,21,0,26)
18:34:48.160	L(-0,06,-0,52,0,18)	R(0,04,-0,22,0,25)
18:34:49.186	L(-0,06,-0,52,0,18)	R(0,04,-0,21,0,24)
18:34:50.218	L(-0,06,-0,52,0,18)	R(0,04,-0,22,0,23)
18:34:51.277	L(-0,06,-0,52,0,18)	R(0,02,-0,22,0,24)
18:34:52.307	L(-0,06,-0,52,0,18)	R(0,03,-0,21,0,23)
18:34:53.339	L(-0,05,-0,52,0,18)	R(0,03,-0,23,0,22)
18:34:54.370	L(-0,05,-0,52,0,18)	R(0,03,-0,23,0,20)
18:34:55.399	L(-0,05,-0,52,0,18)	R(0,05,-0,21,0,20)
18:34:56.427	L(-0,05,-0,52,0,18)	R(0,05,-0,23,0,20)
18:34:57.460	L(-0,05,-0,52,0,18)	R(0,05,-0,23,0,22)
18:34:58.504	L(-0,05,-0,52,0,18)	R(0,05,-0,20,0,22)
18:34:59.546	L(-0,05,-0,52,0,18)	R(0,06,-0,23,0,23)
18:35:00.591	L(-0,05,-0,52,0,18)	R(0,06,-0,21,0,24)
18:35:01.636	L(-0,06,-0,52,0,18)	R(0,06,-0,23,0,25)
18:35:02.692	L(-0,07,-0,53,0,16)	R(0,09,-0,22,0,24)
18:35:03.738	L(-0,07,-0,53,0,16)	R(0,09,-0,24,0,25)
18:35:04.782	L(-0,07,-0,53,0,16)	R(0,09,-0,23,0,22)
18:35:05.826	L(-0,07,-0,53,0,16)	R(0,09,-0,24,0,22)
18:35:06.871	L(-0,06,-0,54,0,15)	R(0,08,-0,23,0,22)
18:35:07.916	L(-0,06,-0,54,0,15)	R(0,07,-0,24,0,21)
18:35:08.945	L(-0,06,-0,54,0,15)	R(0,07,-0,23,0,19)
18:35:09.976	L(-0,06,-0,54,0,15)	R(0,09,-0,22,0,19)
18:35:11.020	L(-0,06,-0,54,0,15)	R(0,09,-0,23,0,19)
18:35:12.062	L(-0,06,-0,54,0,15)	R(0,08,-0,24,0,21)
18:35:13.093	L(-0,06,-0,54,0,15)	R(0,10,-0,23,0,19)
18:35:14.138	L(-0,06,-0,54,0,15)	R(0,10,-0,22,0,19)
18:35:15.166	L(-0,06,-0,54,0,15)	R(0,10,-0,24,0,20)
18:35:16.213	L(-0,06,-0,54,0,15)	R(0,10,-0,24,0,22)
18:35:17.256	L(-0,06,-0,54,0,15)	R(0,09,-0,24,0,24)
18:35:18.285	L(-0,06,-0,54,0,15)	R(0,11,-0,23,0,23)
18:35:19.330	L(-0,06,-0,54,0,15)	R(0,11,-0,24,0,23)
18:35:20.374	L(-0,06,-0,54,0,15)	R(0,11,-0,24,0,21)
18:35:21.417	L(-0,06,-0,54,0,15)	R(0,11,-0,23,0,21)
18:35:22.461	L(-0,06,-0,54,0,15)	R(0,11,-0,24,0,20)
18:35:23.506	L(-0,06,-0,54,0,14)	R(0,11,-0,23,0,17)
18:35:24.549	L(-0,06,-0,54,0,15)	R(0,12,-0,22,0,19)
18:35:25.596	L(-0,06,-0,54,0,15)	R(0,12,-0,24,0,21)
18:35:26.639	L(-0,06,-0,54,0,14)	R(0,12,-0,23,0,22)
18:35:27.682	L(-0,06,-0,54,0,15)	R(0,12,-0,24,0,22)
18:35:28.725	L(-0,06,-0,54,0,15)	R(0,14,-0,24,0,22)
18:35:29.768	L(-0,06,-0,54,0,14)	R(0,13,-0,23,0,20)
18:35:30.814	L(-0,06,-0,54,0,15)	R(0,13,-0,23,0,19)
18:35:31.859	L(-0,06,-0,54,0,14)	R(0,14,-0,24,0,18)
18:35:32.902	L(-0,06,-0,54,0,14)	R(0,14,-0,24,0,16)
18:35:33.946	L(-0,06,-0,54,0,14)	R(0,12,-0,23,0,16)
18:35:34.990	L(-0,06,-0,54,0,15)	R(0,12,-0,24,0,17)
18:35:36.048	L(-0,06,-0,54,0,14)	R(0,12,-0,24,0,19)
18:35:37.095	L(-0,06,-0,54,0,14)	R(0,13,-0,23,0,19)
18:35:38.138	L(-0,06,-0,54,0,15)	R(0,15,-0,24,0,22)
18:35:39.181	L(-0,06,-0,54,0,15)	R(0,15,-0,23,0,21)
18:35:40.241	L(-0,06,-0,54,0,14)	R(0,16,-0,24,0,21)
18:35:41.297	L(-0,06,-0,54,0,14)	R(0,15,-0,23,0,20)
18:35:42.357	L(-0,06,-0,54,0,14)	R(0,15,-0,23,0,19)
18:35:43.400	L(-0,06,-0,54,0,14)	R(0,15,-0,24,0,18)
18:35:44.442	L(-0,06,-0,54,0,14)	R(0,16,-0,23,0,17)
18:35:45.476	L(-0,06,-0,54,0,15)	R(0,16,-0,23,0,17)
18:35:46.518	L(-0,06,-0,54,0,14)	R(0,15,-0,25,0,16)
18:35:47.561	L(-0,06,-0,54,0,14)	R(0,16,-0,24,0,15)
18:35:48.607	L(-0,06,-0,54,0,14)	R(0,18,-0,24,0,17)
18:35:49.622	L(-0,05,-0,54,0,15)	R(0,24,-0,33,0,22)
18:35:50.668	L(-0,04,-0,54,0,15)	R(0,04,-0,35,0,15)
18:35:51.717	L(-0,04,-0,54,0,16)	R(0,12,-0,19,0,18)
18:35:52.768	L(-0,04,-0,54,0,16)	R(0,04,-0,21,0,20)
18:35:53.802	L(-0,03,-0,54,0,16)	R(0,04,-0,20,0,20)
18:35:54.817	L(-0,03,-0,54,0,16)	R(0,04,-0,21,0,20)
18:35:55.848	L(-0,04,-0,53,0,16)	R(0,31,-0,27,0,35)
18:35:56.863	L(-0,05,-0,52,0,17)	R(0,05,-0,23,0,22)
18:35:57.893	L(-0,05,-0,52,0,16)	R(-0,02,-0,27,0,22)
18:35:58.938	L(-0,04,-0,52,0,16)	R(0,27,-0,26,0,35)
18:35:59.995	L(-0,04,-0,53,0,16)	R(0,03,-0,26,0,23)
18:36:01.053	L(-0,04,-0,52,0,16)	R(0,03,-0,27,0,22)
18:36:02.112	L(-0,04,-0,52,0,16)	R(0,03,-0,28,0,22)
18:36:03.167	L(-0,04,-0,53,0,16)	R(0,28,-0,30,0,33)
18:36:04.226	L(-0,04,-0,53,0,16)	R(0,21,-0,22,0,27)
18:36:05.284	L(-0,04,-0,53,0,16)	R(0,10,-0,27,0,21)
18:36:06.342	L(-0,04,-0,53,0,16)	R(0,12,-0,26,0,21)
18:36:07.388	L(-0,04,-0,53,0,16)	R(0,25,-0,27,0,28)
18:36:08.389	L(-0,04,-0,53,0,16)	R(0,07,-0,27,0,21)
18:36:09.450	L(-0,04,-0,53,0,16)	R(0,07,-0,27,0,21)
18:36:10.504	L(-0,04,-0,53,0,16)	R(0,24,-0,25,0,24)
18:36:11.566	L(-0,05,-0,53,0,16)	R(0,05,-0,19,0,26)
18:36:12.597	L(-0,05,-0,53,0,16)	R(0,05,-0,20,0,26)
18:36:13.641	L(-0,04,-0,53,0,16)	R(0,07,-0,20,0,26)
18:36:14.698	L(-0,04,-0,53,0,16)	R(0,06,-0,19,0,24)
18:36:15.729	L(-0,05,-0,53,0,16)	R(0,07,-0,19,0,24)
18:36:16.761	L(-0,05,-0,53,0,16)	R(0,06,-0,19,0,24)
18:36:17.816	L(-0,05,-0,53,0,16)	R(0,06,-0,20,0,22)
18:36:18.847	L(-0,05,-0,53,0,16)	R(0,07,-0,20,0,22)
18:36:19.879	L(-0,05,-0,53,0,16)	R(0,05,-0,19,0,20)
18:36:20.924	L(-0,04,-0,53,0,16)	R(0,06,-0,19,0,20)
18:36:21.981	L(-0,04,-0,53,0,16)	R(0,07,-0,20,0,20)
18:36:23.026	L(-0,04,-0,53,0,16)	R(0,08,-0,21,0,20)
18:36:24.068	L(-0,04,-0,53,0,16)	R(0,10,-0,21,0,19)
18:36:25.126	L(-0,04,-0,53,0,16)	R(0,11,-0,20,0,21)
18:36:26.181	L(-0,04,-0,53,0,16)	R(0,11,-0,20,0,22)
18:36:27.240	L(-0,04,-0,53,0,16)	R(0,10,-0,20,0,24)
18:36:28.298	L(-0,04,-0,53,0,16)	R(0,10,-0,20,0,25)
18:36:29.346	L(-0,04,-0,53,0,16)	R(0,09,-0,20,0,25)
18:36:30.401	L(-0,04,-0,53,0,16)	R(0,08,-0,20,0,24)
18:36:31.446	L(-0,04,-0,53,0,16)	R(0,09,-0,20,0,22)
18:36:32.492	L(-0,04,-0,53,0,16)	R(0,09,-0,20,0,22)
18:36:33.549	L(-0,04,-0,53,0,16)	R(0,11,-0,21,0,25)
18:36:34.604	L(-0,04,-0,53,0,16)	R(0,12,-0,20,0,24)
18:36:35.650	L(-0,04,-0,53,0,16)	R(0,13,-0,21,0,23)
18:36:36.720	L(-0,04,-0,53,0,16)	R(0,12,-0,21,0,22)
18:36:37.779	L(-0,04,-0,53,0,16)	R(0,11,-0,21,0,22)
18:36:38.837	L(-0,04,-0,53,0,15)	R(0,11,-0,21,0,21)
18:36:39.895	L(-0,04,-0,53,0,16)	R(0,11,-0,21,0,19)
18:36:40.952	L(-0,04,-0,53,0,15)	R(0,13,-0,20,0,19)
18:36:41.999	L(-0,04,-0,53,0,15)	R(0,13,-0,21,0,20)
18:36:43.069	L(-0,04,-0,53,0,15)	R(0,13,-0,22,0,18)
18:36:44.128	L(-0,04,-0,53,0,16)	R(0,14,-0,22,0,17)
18:36:45.173	L(-0,04,-0,54,0,15)	R(0,16,-0,21,0,17)
18:36:46.216	L(-0,04,-0,54,0,15)	R(0,16,-0,20,0,18)
18:36:47.248	L(-0,04,-0,54,0,16)	R(0,16,-0,21,0,19)
18:36:48.277	L(-0,04,-0,54,0,16)	R(0,16,-0,21,0,21)
18:36:49.323	L(-0,04,-0,54,0,15)	R(0,16,-0,21,0,23)
18:36:50.367	L(-0,04,-0,54,0,15)	R(0,15,-0,20,0,24)
18:36:51.425	L(-0,04,-0,53,0,16)	R(0,15,-0,20,0,23)
18:36:52.481	L(-0,04,-0,54,0,15)	R(0,14,-0,21,0,23)
18:36:53.527	L(-0,04,-0,54,0,16)	R(0,14,-0,21,0,22)
18:36:54.570	L(-0,04,-0,54,0,16)	R(0,14,-0,22,0,20)
18:36:55.614	L(-0,04,-0,54,0,15)	R(0,18,-0,20,0,20)
18:36:56.659	L(-0,04,-0,54,0,15)	R(0,22,-0,31,0,17)
18:36:57.702	L(-0,04,-0,54,0,16)	R(0,09,-0,25,0,19)
18:36:58.733	L(-0,04,-0,54,0,16)	R(0,09,-0,24,0,19)
18:36:59.795	L(-0,04,-0,54,0,15)	R(0,10,-0,25,0,25)
18:37:00.838	L(-0,04,-0,54,0,15)	R(0,10,-0,24,0,20)
18:37:01.881	L(-0,04,-0,54,0,16)	R(0,08,-0,23,0,16)
18:37:02.926	L(-0,04,-0,54,0,16)	R(0,11,-0,27,0,20)
18:37:03.966	L(-0,04,-0,54,0,15)	R(0,09,-0,27,0,18)
18:37:05.012	L(-0,04,-0,54,0,15)	R(0,08,-0,28,0,20)
18:37:06.040	L(-0,04,-0,54,0,15)	R(0,05,-0,26,0,17)
18:37:07.083	L(-0,04,-0,54,0,15)	R(0,07,-0,23,0,16)
18:37:08.146	L(-0,04,-0,54,0,15)	R(0,08,-0,28,0,20)
18:37:09.170	L(-0,04,-0,54,0,15)	R(0,06,-0,27,0,21)
18:37:10.207	L(-0,04,-0,54,0,15)	R(0,09,-0,21,0,22)
18:37:11.267	L(-0,04,-0,54,0,15)	R(0,09,-0,26,0,27)
18:37:12.309	L(-0,04,-0,54,0,15)	R(0,29,-0,17,0,03)
18:37:13.327	L(-0,04,-0,54,0,16)	R(0,66,-0,16,0,06)
18:37:14.349	L(-0,03,-0,53,0,16)	R(0,09,-0,26,0,17)
18:37:15.399	L(-0,03,-0,53,0,16)	R(0,09,-0,22,0,22)
18:37:16.433	L(-0,03,-0,53,0,16)	R(0,12,-0,25,0,27)
18:37:17.488	L(-0,03,-0,53,0,16)	R(0,10,-0,24,0,27)
18:37:18.547	L(-0,03,-0,53,0,16)	R(0,12,-0,27,0,18)
18:37:19.596	L(-0,03,-0,29,0,18)	R(0,22,-0,25,0,13)
18:37:20.647	L(0,00,-0,31,0,19)	R(0,21,-0,25,0,13)
18:37:21.715	L(0,00,-0,35,0,15)	R(0,21,-0,26,0,14)
18:37:22.776	L(-0,02,-0,52,0,12)	R(0,17,-0,26,0,13)
18:37:23.820	L(-0,02,-0,53,0,12)	R(0,12,-0,26,0,12)
18:37:24.839	L(-0,02,-0,53,0,12)	R(0,12,-0,26,0,12)
18:37:25.898	L(-0,02,-0,53,0,12)	R(0,12,-0,26,0,12)
