18:01:57.994	L(-0,14,-0,36,0,01)	R(0,00,-0,44,-0,07)
18:01:58.950	L(-0,14,-0,35,0,02)	R(0,02,-0,42,-0,08)
18:01:59.992	L(-0,14,-0,31,0,01)	R(0,02,-0,33,-0,07)
18:02:01.034	L(-0,06,-0,34,-0,05)	R(0,06,-0,36,-0,14)
18:02:02.061	L(-0,05,-0,35,-0,07)	R(0,10,-0,35,-0,13)
18:02:03.089	L(-0,03,-0,32,-0,05)	R(0,13,-0,33,-0,09)
18:02:04.131	L(-0,04,-0,31,-0,02)	R(0,10,-0,28,-0,03)
18:02:05.173	L(-0,04,-0,30,-0,04)	R(0,08,-0,28,-0,02)
18:02:06.214	L(-0,06,-0,35,-0,06)	R(0,07,-0,35,-0,06)
18:02:07.219	L(0,0,00,0,00)	R(0,0,00,0,00)
18:02:08.276	L(0,0,00,0,00)	R(0,0,00,0,00)
18:02:09.331	L(0,0,00,0,00)	R(0,0,00,0,00)
18:02:10.373	L(0,0,00,0,00)	R(0,0,00,0,00)
18:02:11.414	L(0,0,00,0,00)	R(0,0,00,0,00)
18:02:12.471	L(0,0,00,0,00)	R(0,0,00,0,00)
18:02:13.512	L(0,0,00,0,00)	R(0,0,00,0,00)
18:02:14.540	L(0,0,00,0,00)	R(0,0,00,0,00)
18:02:15.596	L(0,0,00,0,00)	R(0,0,00,0,00)
18:02:16.598	L(0,0,00,0,00)	R(0,0,00,0,00)
18:02:17.639	L(-0,17,-0,28,-0,05)	R(0,00,-0,32,0,01)
18:02:18.686	L(-0,17,-0,23,0,03)	R(0,00,-0,29,0,00)
18:02:19.728	L(-0,14,-0,19,0,03)	R(0,00,-0,27,-0,01)
18:02:20.770	L(-0,12,-0,18,0,01)	R(0,01,-0,26,-0,03)
18:02:21.811	L(-0,12,-0,24,0,04)	R(0,00,-0,27,-0,01)
18:02:22.841	L(-0,15,-0,25,0,02)	R(-0,01,-0,28,-0,02)
18:02:23.868	L(-0,12,-0,20,0,05)	R(-0,01,-0,28,-0,02)
18:02:24.896	L(-0,12,-0,19,0,06)	R(0,00,-0,28,-0,02)
18:02:25.924	L(-0,12,-0,18,0,06)	R(0,00,-0,28,-0,02)
18:02:26.952	L(-0,13,-0,17,0,09)	R(0,00,-0,28,-0,03)
18:02:27.980	L(-0,12,-0,22,0,08)	R(0,00,-0,28,-0,02)
18:02:29.008	L(-0,10,-0,29,0,04)	R(0,16,-0,26,-0,04)
18:02:30.036	L(-0,06,-0,31,0,00)	R(0,18,-0,26,-0,07)
18:02:31.062	L(-0,05,-0,31,-0,01)	R(0,16,-0,24,-0,08)
18:02:32.091	L(-0,05,-0,31,-0,01)	R(0,19,-0,27,-0,06)
18:02:33.119	L(-0,06,-0,31,0,00)	R(0,14,-0,28,-0,06)
18:02:34.146	L(-0,09,-0,31,-0,03)	R(0,04,-0,30,-0,03)
18:02:35.174	L(-0,09,-0,31,-0,03)	R(0,03,-0,31,-0,04)
18:02:36.202	L(-0,11,-0,33,-0,04)	R(0,00,-0,34,-0,05)
18:02:37.230	L(-0,12,-0,32,-0,04)	R(0,00,-0,33,-0,02)
18:02:38.257	L(-0,09,-0,33,-0,04)	R(0,14,-0,30,-0,03)
18:02:39.286	L(-0,06,-0,33,-0,05)	R(0,13,-0,29,-0,06)
18:02:40.313	L(-0,03,-0,29,-0,02)	R(0,07,-0,30,-0,02)
18:02:41.317	L(-0,04,-0,31,-0,02)	R(0,05,-0,33,-0,03)
18:02:42.347	L(-0,04,-0,31,-0,02)	R(0,05,-0,33,-0,03)
18:02:43.386	L(-0,07,-0,32,-0,03)	R(0,04,-0,34,-0,04)
18:02:44.437	L(-0,06,-0,32,-0,04)	R(0,04,-0,34,-0,04)
18:02:45.464	L(-0,06,-0,32,-0,02)	R(0,04,-0,33,-0,02)
18:02:46.493	L(-0,07,-0,31,-0,01)	R(0,03,-0,33,-0,03)
18:02:47.526	L(-0,08,-0,32,-0,01)	R(0,04,-0,34,-0,03)
18:02:48.554	L(-0,08,-0,32,-0,01)	R(0,04,-0,34,-0,03)
18:02:49.560	L(-0,08,-0,30,-0,02)	R(0,04,-0,33,-0,03)
18:02:50.590	L(-0,07,-0,31,-0,01)	R(0,06,-0,33,-0,03)
18:02:51.618	L(-0,03,-0,35,0,00)	R(0,11,-0,35,-0,02)
18:02:52.646	L(-0,11,-0,32,0,05)	R(0,03,-0,34,0,03)
18:02:53.674	L(-0,14,-0,32,0,04)	R(0,00,-0,34,0,03)
18:02:54.702	L(-0,14,-0,32,0,04)	R(0,01,-0,35,0,04)
18:02:55.730	L(-0,14,-0,32,0,01)	R(0,01,-0,34,0,02)
18:02:56.758	L(-0,14,-0,32,0,01)	R(0,01,-0,34,0,02)
18:02:57.785	L(-0,14,-0,31,0,00)	R(0,00,-0,34,0,02)
18:02:58.813	L(-0,16,-0,31,-0,01)	R(-0,02,-0,34,0,03)
18:02:59.825	L(-0,17,-0,31,-0,02)	R(-0,03,-0,34,0,02)
18:03:00.840	L(-0,09,-0,32,0,01)	R(0,05,-0,34,-0,01)
18:03:01.869	L(-0,06,-0,32,0,03)	R(0,07,-0,34,0,00)
18:03:02.896	L(-0,06,-0,32,0,02)	R(0,06,-0,32,-0,01)
18:03:03.923	L(-0,02,-0,25,0,05)	R(0,05,-0,32,-0,01)
18:03:04.952	L(0,01,-0,27,0,07)	R(0,07,-0,30,0,01)
18:03:05.979	L(0,00,-0,26,0,07)	R(0,08,-0,30,0,01)
18:03:07.008	L(-0,02,-0,31,0,05)	R(0,10,-0,29,-0,01)
18:03:08.035	L(0,01,-0,32,0,04)	R(0,09,-0,32,0,00)
18:03:09.063	L(0,00,-0,33,0,04)	R(0,07,-0,34,-0,01)
18:03:10.090	L(0,00,-0,33,0,05)	R(0,08,-0,33,-0,01)
18:03:11.118	L(0,01,-0,33,0,04)	R(0,08,-0,32,0,00)
18:03:12.119	L(-0,27,-0,19,0,02)	R(-0,06,-0,30,0,02)
18:03:13.156	L(-0,20,-0,12,0,01)	R(0,00,-0,18,0,05)
18:03:14.188	L(-0,12,-0,33,0,06)	R(-0,02,-0,33,0,06)
18:03:15.218	L(-0,10,-0,33,0,06)	R(-0,01,-0,34,0,05)
18:03:16.243	L(-0,06,-0,30,0,08)	R(0,04,-0,34,0,05)
18:03:17.271	L(-0,04,-0,27,0,12)	R(0,05,-0,33,0,05)
18:03:18.299	L(-0,03,-0,30,0,10)	R(0,06,-0,30,0,06)
18:03:19.327	L(-0,01,-0,24,0,14)	R(0,08,-0,30,0,04)
18:03:20.355	L(-0,02,-0,13,0,19)	R(0,08,-0,30,0,03)
18:03:21.382	L(-0,03,-0,19,0,19)	R(0,09,-0,31,0,03)
18:03:22.410	L(-0,02,-0,17,0,19)	R(0,08,-0,31,0,03)
18:03:23.438	L(-0,03,-0,09,0,19)	R(0,09,-0,31,0,03)
18:03:24.466	L(-0,03,-0,02,0,23)	R(0,09,-0,31,0,02)
18:03:25.494	L(-0,02,-0,13,0,23)	R(0,10,-0,31,0,02)
18:03:26.521	L(-0,09,-0,22,0,01)	R(0,09,-0,31,0,01)
18:03:27.549	L(-0,08,-0,18,-0,02)	R(0,09,-0,30,0,01)
18:03:28.576	L(-0,04,-0,20,0,08)	R(0,09,-0,30,0,00)
18:03:29.605	L(0,02,-0,18,0,09)	R(0,11,-0,27,-0,03)
18:03:30.632	L(0,05,-0,11,0,18)	R(0,12,-0,28,-0,04)
18:03:31.659	L(0,05,-0,10,0,20)	R(0,12,-0,28,-0,04)
18:03:32.688	L(0,07,-0,10,0,22)	R(0,12,-0,27,-0,04)
18:03:33.701	L(0,08,-0,10,0,25)	R(0,13,-0,27,-0,03)
18:03:34.729	L(0,03,-0,10,0,16)	R(0,20,-0,16,0,05)
18:03:35.757	L(-0,02,-0,15,0,11)	R(0,25,-0,09,0,13)
18:03:36.785	L(0,01,-0,13,0,13)	R(0,24,-0,10,0,13)
18:03:37.813	L(0,04,-0,10,0,16)	R(0,22,-0,16,0,00)
18:03:38.840	L(0,04,-0,11,0,21)	R(0,19,-0,23,-0,05)
18:03:39.868	L(0,02,-0,13,0,15)	R(0,18,-0,23,-0,05)
18:03:40.896	L(0,05,-0,12,0,18)	R(0,19,-0,24,-0,06)
18:03:41.923	L(0,02,-0,16,0,15)	R(0,18,-0,24,-0,05)
18:03:42.951	L(0,05,-0,14,0,18)	R(0,18,-0,24,-0,05)
18:03:43.979	L(0,05,-0,15,0,17)	R(0,18,-0,24,-0,05)
18:03:45.007	L(0,02,-0,20,0,10)	R(0,19,-0,25,-0,04)
18:03:46.035	L(0,04,-0,21,0,09)	R(0,18,-0,25,-0,03)
18:03:47.063	L(0,05,-0,24,0,08)	R(0,18,-0,25,-0,04)
18:03:48.090	L(0,07,-0,23,0,10)	R(0,18,-0,25,-0,04)
18:03:49.118	L(0,09,-0,20,0,13)	R(0,19,-0,25,-0,04)
18:03:50.146	L(0,06,-0,25,0,12)	R(0,20,-0,26,-0,04)
18:03:51.174	L(0,09,-0,24,0,11)	R(0,20,-0,26,-0,04)
18:03:52.202	L(0,09,-0,24,0,11)	R(0,20,-0,26,-0,04)
18:03:53.230	L(-0,07,-0,23,0,21)	R(0,17,-0,27,-0,01)
18:03:54.258	L(-0,07,-0,26,0,26)	R(0,15,-0,26,-0,01)
18:03:55.286	L(-0,07,-0,27,0,28)	R(0,17,-0,26,-0,01)
18:03:56.313	L(-0,09,-0,27,0,28)	R(0,16,-0,26,-0,01)
18:03:57.341	L(-0,08,-0,27,0,26)	R(0,16,-0,26,-0,01)
18:03:58.369	L(-0,07,-0,27,0,26)	R(0,17,-0,26,-0,02)
18:03:59.397	L(0,13,-0,26,0,16)	R(0,22,-0,27,-0,05)
18:04:00.425	L(0,18,-0,26,0,18)	R(0,27,-0,27,-0,05)
18:04:01.452	L(0,18,-0,26,0,18)	R(0,27,-0,27,-0,06)
18:04:02.479	L(0,03,-0,15,0,28)	R(0,19,-0,28,-0,02)
18:04:03.507	L(0,09,-0,12,0,32)	R(0,28,-0,28,0,00)
18:04:04.536	L(0,12,-0,14,0,34)	R(0,30,-0,27,-0,01)
18:04:05.563	L(0,10,-0,16,0,32)	R(0,29,-0,27,-0,01)
18:04:06.590	L(0,13,-0,12,0,36)	R(0,29,-0,27,-0,02)
18:04:07.618	L(0,13,-0,14,0,37)	R(0,29,-0,27,-0,03)
18:04:08.646	L(0,13,-0,14,0,41)	R(0,28,-0,27,-0,02)
18:04:09.674	L(0,13,-0,15,0,40)	R(0,28,-0,27,-0,02)
18:04:10.702	L(0,12,-0,17,0,40)	R(0,27,-0,27,-0,01)
18:04:11.730	L(0,12,-0,21,0,31)	R(0,26,-0,28,0,00)
18:04:12.757	L(0,15,-0,16,0,29)	R(0,25,-0,27,-0,02)
18:04:13.784	L(0,14,-0,24,0,23)	R(0,26,-0,27,-0,02)
18:04:14.813	L(0,19,-0,25,0,10)	R(0,27,-0,28,-0,03)
18:04:15.841	L(0,21,-0,27,0,10)	R(0,27,-0,28,-0,04)
18:04:16.868	L(0,13,-0,18,0,22)	R(0,25,-0,27,-0,04)
18:04:17.896	L(0,14,-0,18,0,24)	R(0,26,-0,27,-0,04)
18:04:18.924	L(0,14,-0,18,0,25)	R(0,26,-0,27,-0,03)
18:04:19.951	L(0,15,-0,19,0,25)	R(0,27,-0,28,-0,03)
18:04:20.979	L(0,15,-0,19,0,25)	R(0,26,-0,27,-0,03)
18:04:22.008	L(0,15,-0,19,0,25)	R(0,26,-0,26,-0,03)
18:04:23.035	L(0,14,-0,21,0,24)	R(0,26,-0,25,-0,04)
18:04:24.063	L(0,14,-0,25,0,20)	R(0,26,-0,26,-0,04)
18:04:25.090	L(0,20,-0,26,0,10)	R(0,26,-0,26,-0,05)
18:04:26.118	L(0,13,-0,26,0,18)	R(0,26,-0,26,-0,05)
18:04:27.146	L(0,13,-0,26,0,18)	R(0,25,-0,26,-0,06)
18:04:28.174	L(0,19,-0,27,0,12)	R(0,25,-0,26,-0,06)
18:04:29.201	L(0,21,-0,28,0,12)	R(0,25,-0,26,-0,06)
18:04:30.229	L(0,20,-0,28,0,11)	R(0,25,-0,26,-0,06)
18:04:31.257	L(0,14,-0,19,0,26)	R(0,25,-0,25,-0,05)
18:04:32.285	L(0,15,-0,20,0,27)	R(0,26,-0,26,-0,04)
18:04:33.313	L(0,15,-0,27,0,20)	R(0,26,-0,26,-0,04)
18:04:34.340	L(0,21,-0,27,0,13)	R(0,26,-0,26,-0,04)
18:04:35.369	L(0,21,-0,28,0,13)	R(0,26,-0,26,-0,04)
18:04:36.396	L(0,12,-0,21,0,17)	R(0,25,-0,26,-0,04)
18:04:37.407	L(0,14,-0,19,0,19)	R(0,26,-0,26,-0,03)
18:04:38.419	L(0,14,-0,19,0,20)	R(0,25,-0,24,-0,03)
18:04:39.458	L(0,14,-0,19,0,18)	R(0,26,-0,26,-0,04)
18:04:40.507	L(0,11,-0,21,0,24)	R(0,24,-0,27,-0,04)
18:04:41.534	L(0,14,-0,22,0,27)	R(0,26,-0,26,-0,04)
18:04:42.562	L(0,22,-0,23,0,12)	R(0,26,-0,27,-0,04)
18:04:43.590	L(0,25,-0,27,0,05)	R(0,29,-0,27,-0,09)
18:04:44.619	L(0,24,-0,28,0,04)	R(0,29,-0,27,-0,09)
18:04:45.646	L(0,21,-0,25,0,03)	R(0,29,-0,27,-0,09)
18:04:46.674	L(0,15,-0,19,0,21)	R(0,27,-0,27,-0,07)
18:04:47.701	L(0,16,-0,19,0,19)	R(0,30,-0,25,-0,05)
18:04:48.709	L(0,16,-0,21,0,22)	R(0,32,-0,24,-0,11)
18:04:49.715	L(0,28,-0,21,-0,11)	R(0,38,-0,20,-0,24)
18:04:50.729	L(0,30,-0,22,-0,10)	R(0,54,-0,14,-0,25)
18:04:51.743	L(0,37,-0,15,-0,15)	R(0,53,-0,30,-0,30)
18:04:52.757	L(0,45,-0,09,-0,19)	R(0,49,-0,32,-0,32)
18:04:53.770	L(0,30,-0,23,-0,13)	R(0,46,-0,15,-0,28)
18:04:54.798	L(0,29,-0,23,-0,12)	R(0,51,-0,10,-0,27)
18:04:55.826	L(0,30,-0,24,-0,13)	R(0,54,-0,12,-0,42)
18:04:56.874	L(0,21,-0,19,0,00)	R(0,30,-0,23,-0,16)
18:04:57.896	L(0,13,-0,17,0,25)	R(0,25,-0,28,-0,07)
18:04:58.923	L(0,14,-0,16,0,28)	R(0,25,-0,27,-0,06)
18:04:59.951	L(0,14,-0,17,0,28)	R(0,25,-0,27,-0,06)
18:05:00.979	L(0,15,-0,18,0,27)	R(0,25,-0,27,-0,06)
18:05:02.007	L(0,13,-0,20,0,26)	R(0,25,-0,28,-0,06)
18:05:03.034	L(0,12,-0,26,0,20)	R(0,25,-0,28,-0,06)
18:05:04.062	L(0,18,-0,23,0,11)	R(0,24,-0,28,-0,07)
18:05:05.090	L(0,23,-0,23,0,05)	R(0,25,-0,28,-0,08)
18:05:06.118	L(0,22,-0,26,0,06)	R(0,26,-0,29,-0,09)
18:05:07.146	L(0,13,-0,20,0,17)	R(0,26,-0,29,-0,09)
18:05:08.173	L(0,15,-0,20,0,26)	R(0,26,-0,28,-0,08)
18:05:09.201	L(0,15,-0,21,0,26)	R(0,26,-0,29,-0,07)
18:05:10.229	L(0,23,-0,24,0,07)	R(0,26,-0,29,-0,08)
18:05:11.257	L(0,22,-0,26,0,08)	R(0,27,-0,29,-0,08)
18:05:12.285	L(0,14,-0,22,0,28)	R(0,27,-0,29,-0,08)
18:05:13.312	L(0,15,-0,23,0,20)	R(0,27,-0,29,-0,07)
18:05:14.340	L(0,15,-0,24,0,17)	R(0,27,-0,30,-0,07)
18:05:15.368	L(0,23,-0,24,0,11)	R(0,28,-0,30,-0,07)
18:05:16.395	L(0,23,-0,25,0,09)	R(0,28,-0,30,-0,07)
18:05:17.423	L(0,16,-0,29,0,20)	R(0,27,-0,30,-0,07)
18:05:18.451	L(0,22,-0,27,0,05)	R(0,28,-0,30,-0,08)
18:05:19.480	L(0,22,-0,30,0,05)	R(0,29,-0,30,-0,08)
18:05:20.507	L(0,14,-0,20,0,25)	R(0,27,-0,30,-0,07)
18:05:21.535	L(0,15,-0,21,0,21)	R(0,27,-0,30,-0,07)
18:05:22.562	L(0,18,-0,22,0,22)	R(0,27,-0,30,-0,07)
18:05:23.590	L(0,22,-0,26,0,09)	R(0,28,-0,30,-0,08)
18:05:24.617	L(0,21,-0,26,0,07)	R(0,28,-0,30,-0,08)
18:05:25.646	L(0,16,-0,23,0,26)	R(0,27,-0,30,-0,08)
18:05:26.674	L(0,22,-0,25,0,09)	R(0,27,-0,30,-0,09)
18:05:27.702	L(0,23,-0,25,0,09)	R(0,27,-0,30,-0,09)
18:05:28.730	L(0,17,-0,22,0,28)	R(0,27,-0,30,-0,09)
18:05:29.757	L(0,23,-0,24,0,12)	R(0,27,-0,30,-0,09)
18:05:30.785	L(0,22,-0,23,0,13)	R(0,27,-0,30,-0,09)
18:05:31.813	L(0,19,-0,23,0,17)	R(0,27,-0,30,-0,09)
18:05:32.840	L(0,21,-0,26,0,12)	R(0,26,-0,30,-0,08)
18:05:33.869	L(0,26,-0,23,0,04)	R(0,27,-0,30,-0,08)
18:05:34.896	L(0,26,-0,28,0,03)	R(0,29,-0,31,-0,10)
18:05:35.923	L(0,21,-0,22,0,06)	R(0,28,-0,31,-0,10)
18:05:36.952	L(0,18,-0,24,0,20)	R(0,28,-0,31,-0,09)
18:05:37.980	L(0,20,-0,22,0,17)	R(0,28,-0,31,-0,09)
18:05:39.007	L(0,27,-0,26,0,05)	R(0,28,-0,31,-0,10)
18:05:40.035	L(0,22,-0,24,0,06)	R(0,28,-0,31,-0,10)
18:05:41.062	L(0,19,-0,28,0,16)	R(0,28,-0,31,-0,09)
18:05:42.090	L(0,27,-0,26,0,06)	R(0,28,-0,31,-0,09)
18:05:43.117	L(0,26,-0,26,0,06)	R(0,28,-0,31,-0,10)
18:05:44.146	L(0,28,-0,25,0,05)	R(0,28,-0,31,-0,09)
18:05:45.173	L(0,27,-0,26,0,06)	R(0,28,-0,31,-0,09)
18:05:46.201	L(0,20,-0,24,0,13)	R(0,28,-0,32,-0,09)
18:05:47.229	L(0,17,-0,26,0,21)	R(0,27,-0,31,-0,09)
18:05:48.257	L(0,19,-0,24,0,18)	R(0,28,-0,31,-0,08)
18:05:49.285	L(0,28,-0,25,0,08)	R(0,28,-0,32,-0,09)
18:05:50.313	L(0,28,-0,26,0,07)	R(0,28,-0,32,-0,09)
18:05:51.340	L(0,21,-0,25,0,08)	R(0,27,-0,31,-0,08)
18:05:52.368	L(0,17,-0,25,0,26)	R(0,27,-0,31,-0,07)
18:05:53.395	L(0,26,-0,25,0,06)	R(0,28,-0,31,-0,08)
18:05:54.423	L(0,26,-0,31,0,04)	R(0,30,-0,32,-0,10)
18:05:55.452	L(0,19,-0,21,0,12)	R(0,29,-0,31,-0,10)
18:05:56.479	L(0,19,-0,25,0,18)	R(0,29,-0,32,-0,08)
18:05:57.507	L(0,27,-0,28,0,06)	R(0,29,-0,32,-0,08)
18:05:58.535	L(0,18,-0,22,0,18)	R(0,29,-0,31,-0,09)
18:05:59.562	L(0,24,-0,24,0,09)	R(0,28,-0,31,-0,08)
18:06:00.590	L(0,27,-0,27,0,08)	R(0,29,-0,31,-0,10)
18:06:01.619	L(0,16,-0,24,0,27)	R(0,28,-0,31,-0,10)
18:06:02.645	L(0,28,-0,25,0,09)	R(0,28,-0,32,-0,09)
18:06:03.674	L(0,28,-0,26,0,09)	R(0,29,-0,31,-0,10)
18:06:04.701	L(0,15,-0,24,0,27)	R(0,28,-0,31,-0,09)
18:06:05.729	L(0,29,-0,21,0,02)	R(0,28,-0,32,-0,09)
18:06:06.756	L(0,28,-0,27,0,03)	R(0,30,-0,33,-0,10)
18:06:07.784	L(0,28,-0,27,0,03)	R(0,30,-0,32,-0,11)
18:06:08.812	L(0,19,-0,22,0,15)	R(0,29,-0,32,-0,10)
18:06:09.840	L(0,25,-0,19,0,09)	R(0,29,-0,32,-0,09)
18:06:10.868	L(0,30,-0,27,0,04)	R(0,30,-0,33,-0,10)
18:06:11.896	L(0,19,-0,23,0,23)	R(0,29,-0,32,-0,10)
18:06:12.923	L(0,31,-0,24,0,06)	R(0,29,-0,33,-0,09)
18:06:13.952	L(0,30,-0,26,0,05)	R(0,30,-0,33,-0,10)
18:06:14.979	L(0,17,-0,25,0,26)	R(0,29,-0,33,-0,09)
18:06:16.008	L(0,32,-0,26,0,07)	R(0,30,-0,32,-0,10)
18:06:17.035	L(0,29,-0,25,0,07)	R(0,30,-0,32,-0,10)
18:06:18.062	L(0,22,-0,23,0,15)	R(0,29,-0,32,-0,10)
18:06:19.090	L(0,30,-0,30,0,04)	R(0,30,-0,32,-0,11)
18:06:20.118	L(0,24,-0,22,0,12)	R(0,30,-0,32,-0,11)
18:06:21.146	L(0,29,-0,25,0,07)	R(0,29,-0,32,-0,11)
18:06:22.173	L(0,31,-0,28,0,05)	R(0,30,-0,32,-0,12)
18:06:23.202	L(0,22,-0,24,0,14)	R(0,30,-0,32,-0,12)
18:06:24.229	L(0,30,-0,24,0,08)	R(0,30,-0,32,-0,11)
18:06:25.257	L(0,31,-0,28,0,07)	R(0,30,-0,32,-0,11)
18:06:26.285	L(0,22,-0,24,0,18)	R(0,30,-0,32,-0,11)
18:06:27.312	L(0,31,-0,25,0,11)	R(0,30,-0,32,-0,10)
18:06:28.340	L(0,32,-0,27,0,09)	R(0,31,-0,32,-0,11)
18:06:29.368	L(0,18,-0,25,0,23)	R(0,30,-0,32,-0,10)
18:06:30.396	L(0,33,-0,25,0,01)	R(0,30,-0,32,-0,12)
18:06:31.423	L(0,32,-0,27,0,03)	R(0,31,-0,32,-0,12)
18:06:32.451	L(0,30,-0,25,0,03)	R(0,30,-0,33,-0,12)
18:06:33.479	L(0,24,-0,20,0,13)	R(0,30,-0,32,-0,10)
18:06:34.507	L(0,33,-0,27,0,04)	R(0,31,-0,33,-0,11)
18:06:35.535	L(0,17,-0,22,0,25)	R(0,30,-0,33,-0,11)
18:06:36.562	L(0,34,-0,25,0,06)	R(0,30,-0,33,-0,10)
18:06:37.590	L(0,34,-0,27,0,05)	R(0,31,-0,33,-0,11)
18:06:38.618	L(0,16,-0,24,0,28)	R(0,30,-0,33,-0,10)
18:06:39.645	L(0,35,-0,25,0,06)	R(0,30,-0,33,-0,11)
18:06:40.674	L(0,35,-0,26,0,07)	R(0,31,-0,33,-0,12)
18:06:41.701	L(0,16,-0,24,0,27)	R(0,30,-0,33,-0,10)
18:06:42.729	L(0,34,-0,28,0,04)	R(0,31,-0,33,-0,11)
18:06:43.757	L(0,34,-0,29,0,03)	R(0,31,-0,33,-0,11)
18:06:44.784	L(0,18,-0,26,0,24)	R(0,30,-0,33,-0,11)
18:06:45.813	L(0,35,-0,29,0,04)	R(0,31,-0,33,-0,12)
18:06:46.840	L(0,31,-0,26,0,06)	R(0,31,-0,33,-0,12)
18:06:47.868	L(0,20,-0,24,0,20)	R(0,31,-0,33,-0,11)
18:06:48.896	L(0,20,-0,28,0,18)	R(0,30,-0,33,-0,11)
18:06:49.922	L(0,19,-0,23,0,23)	R(0,30,-0,33,-0,11)
18:06:50.951	L(0,18,-0,22,0,24)	R(0,30,-0,33,-0,11)
18:06:51.980	L(0,17,-0,25,0,25)	R(0,29,-0,33,-0,10)
18:06:53.008	L(0,19,-0,28,0,16)	R(0,29,-0,33,-0,11)
18:06:54.035	L(0,36,-0,28,0,06)	R(0,30,-0,33,-0,12)
18:06:55.063	L(0,31,-0,24,0,09)	R(0,30,-0,33,-0,12)
18:06:56.090	L(0,19,-0,23,0,20)	R(0,29,-0,33,-0,11)
18:06:57.118	L(0,17,-0,22,0,27)	R(0,29,-0,33,-0,10)
18:06:58.146	L(0,18,-0,29,0,19)	R(0,28,-0,33,-0,10)
18:06:59.174	L(0,36,-0,26,0,08)	R(0,30,-0,33,-0,11)
18:07:00.201	L(0,35,-0,27,0,07)	R(0,31,-0,33,-0,11)
18:07:01.230	L(0,17,-0,24,0,25)	R(0,29,-0,33,-0,09)
18:07:02.257	L(0,36,-0,28,0,02)	R(0,31,-0,34,-0,11)
18:07:03.285	L(0,37,-0,28,-0,02)	R(0,33,-0,35,-0,13)
18:07:04.312	L(0,37,-0,27,0,01)	R(0,33,-0,35,-0,13)
18:07:05.340	L(0,36,-0,27,0,01)	R(0,33,-0,35,-0,12)
18:07:06.368	L(0,20,-0,21,0,24)	R(0,30,-0,34,-0,10)
18:07:07.396	L(0,28,-0,20,0,10)	R(0,30,-0,34,-0,10)
18:07:08.423	L(0,38,-0,26,0,02)	R(0,33,-0,35,-0,13)
18:07:09.451	L(0,37,-0,26,0,02)	R(0,32,-0,35,-0,13)
18:07:10.479	L(0,23,-0,23,0,21)	R(0,31,-0,35,-0,12)
18:07:11.520	L(0,39,-0,26,0,04)	R(0,32,-0,35,-0,13)
18:07:12.549	L(0,38,-0,26,0,03)	R(0,32,-0,35,-0,13)
18:07:13.577	L(0,22,-0,26,0,24)	R(0,31,-0,35,-0,12)
18:07:14.604	L(0,40,-0,26,0,06)	R(0,32,-0,35,-0,13)
18:07:15.632	L(0,39,-0,26,0,04)	R(0,32,-0,35,-0,13)
18:07:16.659	L(0,16,-0,27,0,01)	R(0,33,-0,31,-0,12)
18:07:17.659	L(0,15,-0,26,0,03)	R(0,30,-0,31,-0,21)
18:07:18.688	L(0,15,-0,26,0,03)	R(0,39,-0,24,-0,27)
18:07:19.716	L(0,15,-0,26,0,01)	R(0,40,-0,24,-0,32)
18:07:20.744	L(0,16,-0,25,-0,01)	R(0,42,-0,19,-0,32)
18:07:21.771	L(0,16,-0,25,-0,02)	R(0,43,-0,18,-0,33)
18:07:22.799	L(0,15,-0,25,-0,02)	R(0,45,-0,19,-0,33)
18:07:23.827	L(0,24,-0,24,-0,13)	R(0,43,-0,22,-0,34)
18:07:24.837	L(0,36,-0,18,-0,21)	R(0,37,-0,28,-0,33)
18:07:25.852	L(0,35,-0,19,-0,22)	R(0,36,-0,27,-0,33)
18:07:26.879	L(0,35,-0,19,-0,23)	R(0,36,-0,24,-0,33)
18:07:27.880	L(0,35,-0,19,-0,23)	R(0,35,-0,23,-0,33)
18:07:28.881	L(0,35,-0,19,-0,24)	R(0,35,-0,23,-0,33)
18:07:29.881	L(0,35,-0,19,-0,24)	R(0,35,-0,22,-0,33)
18:07:30.881	L(0,35,-0,19,-0,23)	R(0,34,-0,21,-0,33)
18:07:31.909	L(0,34,-0,19,-0,23)	R(0,34,-0,20,-0,32)
18:07:32.936	L(0,34,-0,18,-0,23)	R(0,33,-0,20,-0,32)
18:07:33.950	L(0,34,-0,18,-0,23)	R(0,33,-0,21,-0,32)
18:07:34.951	L(0,32,-0,21,-0,22)	R(0,33,-0,22,-0,32)
18:07:35.977	L(0,24,-0,25,-0,19)	R(0,30,-0,26,-0,30)
18:07:37.006	L(0,19,-0,19,-0,17)	R(0,25,-0,22,-0,30)
18:07:38.005	L(0,32,-0,18,-0,22)	R(0,29,-0,22,-0,34)
18:07:39.019	L(0,32,-0,18,-0,22)	R(0,29,-0,22,-0,33)
18:07:40.020	L(0,37,-0,18,-0,16)	R(0,31,-0,22,-0,31)
18:07:41.020	L(0,38,-0,18,-0,16)	R(0,31,-0,22,-0,31)
18:07:42.046	L(0,13,-0,27,-0,07)	R(0,30,-0,24,-0,23)
18:07:43.089	L(-0,06,-0,24,-0,01)	R(0,24,-0,28,-0,09)
18:07:44.118	L(-0,01,-0,27,-0,06)	R(0,17,-0,29,-0,08)
18:07:45.146	L(-0,02,-0,27,-0,03)	R(0,18,-0,29,-0,08)
18:07:46.174	L(-0,04,-0,27,-0,02)	R(0,14,-0,30,-0,09)
18:07:47.201	L(-0,03,-0,27,-0,01)	R(0,15,-0,30,-0,09)
18:07:48.229	L(-0,03,-0,26,0,00)	R(0,14,-0,30,-0,08)
18:07:49.256	L(-0,06,-0,27,0,01)	R(0,13,-0,31,-0,08)
18:07:50.284	L(-0,10,-0,28,0,12)	R(0,12,-0,31,-0,08)
18:07:51.312	L(-0,12,-0,29,0,15)	R(0,12,-0,31,-0,08)
18:07:52.340	L(0,14,-0,25,0,04)	R(0,18,-0,31,-0,10)
18:07:53.417	L(0,15,-0,28,0,04)	R(0,22,-0,31,-0,13)
18:07:54.423	L(0,09,-0,28,0,00)	R(0,20,-0,31,-0,12)
18:07:55.465	L(0,05,-0,29,0,04)	R(0,23,-0,30,-0,06)
18:07:56.506	L(0,03,-0,29,0,06)	R(0,22,-0,31,-0,05)
18:07:57.548	L(0,05,-0,30,0,06)	R(0,25,-0,30,-0,04)
18:07:58.593	L(0,05,-0,26,0,10)	R(0,25,-0,31,-0,04)
18:07:59.634	L(0,04,-0,19,0,11)	R(0,25,-0,32,-0,05)
18:08:00.676	L(0,11,-0,24,0,09)	R(0,26,-0,32,-0,07)
18:08:01.716	L(0,13,-0,21,0,06)	R(0,26,-0,32,-0,08)
18:08:02.756	L(0,10,-0,22,-0,03)	R(0,27,-0,32,-0,08)
18:08:03.798	L(0,03,-0,29,-0,04)	R(0,33,-0,30,-0,09)
18:08:04.840	L(0,03,-0,25,0,03)	R(0,31,-0,30,-0,04)
18:08:05.881	L(0,10,-0,14,0,23)	R(0,30,-0,29,-0,10)
18:08:06.923	L(0,11,-0,16,0,25)	R(0,31,-0,30,-0,09)
18:08:07.965	L(0,04,-0,09,0,14)	R(0,28,-0,28,-0,08)
18:08:09.007	L(0,05,-0,12,0,18)	R(0,28,-0,29,-0,07)
18:08:10.024	L(0,16,-0,19,0,24)	R(0,31,-0,29,-0,10)
18:08:11.076	L(0,17,-0,23,0,25)	R(0,33,-0,28,-0,08)
18:08:12.118	L(0,30,-0,20,0,12)	R(0,35,-0,30,-0,10)
18:08:13.159	L(0,05,-0,16,0,11)	R(0,31,-0,31,-0,08)
18:08:14.201	L(0,04,-0,24,0,09)	R(0,28,-0,31,-0,05)
18:08:15.256	L(0,05,-0,23,0,10)	R(0,28,-0,31,-0,05)
18:08:16.299	L(0,05,-0,25,0,10)	R(0,29,-0,31,-0,05)
18:08:17.315	L(0,05,-0,25,0,11)	R(0,28,-0,30,-0,03)
18:08:18.344	L(0,04,-0,26,0,11)	R(0,28,-0,30,-0,03)
18:08:19.396	L(0,05,-0,25,0,09)	R(0,27,-0,30,-0,04)
18:08:20.437	L(0,04,-0,25,0,10)	R(0,27,-0,30,-0,04)
18:08:21.479	L(0,05,-0,26,0,10)	R(0,27,-0,31,-0,04)
18:08:22.520	L(0,34,-0,17,0,09)	R(0,34,-0,31,-0,10)
18:08:23.563	L(0,31,-0,17,0,08)	R(0,35,-0,32,-0,10)
18:08:24.604	L(0,35,-0,14,0,15)	R(0,36,-0,31,-0,12)
18:08:25.632	L(0,32,-0,13,0,12)	R(0,34,-0,31,-0,11)
18:08:26.674	L(0,36,-0,15,0,15)	R(0,37,-0,30,-0,12)
18:08:27.715	L(0,38,-0,15,0,16)	R(0,37,-0,30,-0,13)
18:08:28.757	L(0,36,-0,16,0,14)	R(0,36,-0,30,-0,13)
18:08:29.799	L(0,38,-0,19,0,16)	R(0,35,-0,30,-0,14)
18:08:30.840	L(0,39,-0,20,0,16)	R(0,36,-0,30,-0,13)
18:08:31.881	L(0,39,-0,20,0,16)	R(0,36,-0,30,-0,12)
18:08:32.910	L(0,40,-0,21,0,18)	R(0,34,-0,28,-0,10)
18:08:33.951	L(0,39,-0,19,0,16)	R(0,34,-0,30,-0,10)
18:08:34.993	L(0,34,-0,19,0,13)	R(0,35,-0,30,-0,11)
18:08:36.034	L(0,34,-0,25,0,09)	R(0,34,-0,31,-0,11)
18:08:37.077	L(0,26,-0,23,0,06)	R(0,32,-0,31,-0,10)
18:08:38.118	L(0,07,-0,26,0,07)	R(0,24,-0,32,-0,08)
18:08:39.160	L(0,09,-0,25,0,07)	R(0,25,-0,32,-0,08)
18:08:40.201	L(0,09,-0,26,0,06)	R(0,25,-0,31,-0,08)
18:08:41.243	L(0,33,-0,26,0,07)	R(0,31,-0,32,-0,11)
18:08:42.284	L(0,23,-0,23,0,04)	R(0,30,-0,32,-0,09)
18:08:43.326	L(0,11,-0,26,0,07)	R(0,25,-0,32,-0,08)
18:08:44.369	L(0,11,-0,26,0,07)	R(0,26,-0,32,-0,07)
18:08:45.410	L(0,11,-0,26,0,07)	R(0,26,-0,32,-0,08)
18:08:46.451	L(0,11,-0,26,0,07)	R(0,26,-0,32,-0,07)
18:08:47.493	L(0,34,-0,17,0,10)	R(0,31,-0,33,-0,11)
18:08:48.535	L(0,39,-0,19,0,15)	R(0,34,-0,33,-0,11)
18:08:49.576	L(0,39,-0,20,0,16)	R(0,34,-0,33,-0,11)
18:08:50.617	L(0,39,-0,18,0,16)	R(0,34,-0,32,-0,11)
18:08:51.660	L(0,39,-0,16,0,16)	R(0,33,-0,32,-0,11)
18:08:52.702	L(0,39,-0,16,0,16)	R(0,33,-0,32,-0,11)
18:08:53.730	L(0,41,-0,20,0,17)	R(0,33,-0,32,-0,12)
18:08:54.770	L(0,36,-0,26,0,11)	R(0,32,-0,32,-0,12)
18:08:55.799	L(0,19,-0,23,0,04)	R(0,29,-0,32,-0,11)
18:08:56.840	L(0,13,-0,25,0,06)	R(0,27,-0,32,-0,09)
18:08:57.896	L(0,12,-0,25,0,06)	R(0,26,-0,32,-0,09)
18:08:58.938	L(0,12,-0,25,0,06)	R(0,26,-0,32,-0,09)
18:08:59.979	L(0,35,-0,16,0,15)	R(0,30,-0,32,-0,12)
18:09:01.020	L(0,38,-0,17,0,16)	R(0,32,-0,32,-0,12)
18:09:02.062	L(0,39,-0,18,0,17)	R(0,33,-0,32,-0,12)
18:09:03.104	L(0,39,-0,16,0,16)	R(0,33,-0,32,-0,12)
18:09:04.146	L(0,40,-0,16,0,17)	R(0,33,-0,32,-0,12)
18:09:05.188	L(0,40,-0,16,0,17)	R(0,33,-0,32,-0,13)
18:09:06.230	L(0,34,-0,23,0,12)	R(0,31,-0,32,-0,13)
18:09:07.271	L(0,31,-0,19,0,11)	R(0,30,-0,32,-0,13)
18:09:08.312	L(0,11,-0,23,0,07)	R(0,27,-0,33,-0,10)
18:09:09.354	L(0,13,-0,24,0,06)	R(0,27,-0,32,-0,10)
18:09:10.397	L(0,13,-0,25,0,06)	R(0,27,-0,32,-0,09)
18:09:11.437	L(0,13,-0,24,0,05)	R(0,27,-0,32,-0,09)
18:09:12.479	L(0,08,-0,23,0,03)	R(0,26,-0,32,-0,08)
18:09:13.520	L(0,18,-0,20,0,03)	R(0,30,-0,33,-0,07)
18:09:14.549	L(0,08,-0,20,-0,03)	R(0,36,-0,27,-0,12)
18:09:15.591	L(0,41,-0,16,0,19)	R(0,34,-0,28,-0,14)
18:09:16.633	L(0,36,-0,13,0,16)	R(0,34,-0,29,-0,14)
18:09:17.660	L(0,23,-0,16,0,11)	R(0,31,-0,29,-0,11)
18:09:18.702	L(0,13,-0,24,0,06)	R(0,26,-0,26,-0,09)
18:09:19.742	L(0,14,-0,26,0,06)	R(0,27,-0,26,-0,08)
18:09:20.784	L(0,14,-0,27,0,06)	R(0,27,-0,26,-0,08)
18:09:21.826	L(0,14,-0,26,0,05)	R(0,26,-0,27,-0,08)
18:09:22.869	L(0,15,-0,26,0,05)	R(0,26,-0,27,-0,07)
18:09:23.909	L(0,17,-0,27,0,04)	R(0,27,-0,27,-0,08)
18:09:24.952	L(0,16,-0,26,0,05)	R(0,26,-0,27,-0,08)
18:09:25.993	L(0,15,-0,27,0,05)	R(0,26,-0,27,-0,08)
18:09:27.035	L(0,15,-0,26,0,05)	R(0,26,-0,27,-0,08)
18:09:28.076	L(0,15,-0,27,0,05)	R(0,26,-0,27,-0,08)
18:09:29.118	L(0,09,-0,30,0,03)	R(0,26,-0,28,-0,08)
18:09:30.159	L(0,02,-0,27,0,08)	R(0,26,-0,25,-0,02)
18:09:31.201	L(0,06,-0,23,0,08)	R(0,23,-0,27,0,00)
18:09:32.242	L(0,06,-0,24,0,08)	R(0,24,-0,27,-0,02)
18:09:33.284	L(0,04,-0,26,0,09)	R(0,24,-0,27,-0,03)
18:09:34.326	L(0,04,-0,26,0,08)	R(0,25,-0,27,-0,02)
18:09:35.369	L(0,04,-0,26,0,09)	R(0,23,-0,27,-0,01)
18:09:36.410	L(0,07,-0,23,0,09)	R(0,25,-0,28,-0,03)
18:09:37.451	L(0,05,-0,30,0,10)	R(0,27,-0,28,-0,04)
18:09:38.493	L(0,07,-0,29,0,16)	R(0,27,-0,28,-0,04)
18:09:39.534	L(0,09,-0,22,0,05)	R(0,27,-0,29,-0,03)
18:09:40.575	L(0,13,-0,24,0,03)	R(0,30,-0,27,-0,03)
18:09:41.617	L(0,08,-0,23,0,08)	R(0,29,-0,27,-0,03)
18:09:42.660	L(0,19,-0,22,0,03)	R(0,31,-0,27,-0,04)
18:09:43.701	L(0,20,-0,23,0,02)	R(0,32,-0,27,-0,04)
18:09:44.742	L(0,16,-0,23,0,04)	R(0,32,-0,28,-0,05)
18:09:45.784	L(0,21,-0,22,0,02)	R(0,32,-0,28,-0,04)
18:09:46.826	L(0,21,-0,22,0,02)	R(0,32,-0,28,-0,04)
18:09:47.876	L(0,22,-0,23,0,02)	R(0,33,-0,29,-0,04)
18:09:48.881	L(0,16,-0,24,0,02)	R(0,32,-0,28,-0,04)
18:09:49.923	L(0,29,-0,27,-0,02)	R(0,36,-0,28,-0,07)
18:09:50.965	L(0,31,-0,25,-0,03)	R(0,37,-0,28,-0,07)
18:09:52.007	L(0,16,-0,22,0,04)	R(0,35,-0,29,-0,06)
18:09:53.049	L(0,16,-0,24,0,04)	R(0,34,-0,29,-0,06)
18:09:54.090	L(0,16,-0,24,0,04)	R(0,34,-0,29,-0,05)
18:09:55.131	L(0,18,-0,28,0,01)	R(0,34,-0,29,-0,05)
18:09:56.177	L(0,13,-0,31,0,05)	R(0,32,-0,29,-0,04)
18:09:57.219	L(0,12,-0,26,0,07)	R(0,32,-0,29,-0,04)
18:09:58.261	L(0,09,-0,19,0,05)	R(0,30,-0,30,-0,05)
18:09:59.302	L(0,10,-0,22,0,07)	R(0,31,-0,31,-0,05)
18:10:00.344	L(0,12,-0,22,0,07)	R(0,31,-0,31,-0,06)
18:10:01.383	L(0,13,-0,21,0,06)	R(0,32,-0,31,-0,06)
18:10:02.381	L(0,11,-0,21,0,04)	R(0,31,-0,31,-0,05)
18:10:03.423	L(0,07,-0,23,0,07)	R(0,31,-0,31,-0,04)
18:10:04.465	L(0,22,-0,22,0,01)	R(0,32,-0,31,-0,04)
18:10:05.507	L(0,27,-0,27,0,01)	R(0,34,-0,31,-0,06)
18:10:06.554	L(0,13,-0,25,0,07)	R(0,33,-0,31,-0,05)
18:10:07.594	L(0,16,-0,28,0,06)	R(0,34,-0,31,-0,04)
18:10:08.635	L(0,14,-0,31,0,04)	R(0,32,-0,31,-0,04)
18:10:09.673	L(0,12,-0,26,0,07)	R(0,31,-0,31,-0,04)
18:10:10.715	L(0,11,-0,24,0,07)	R(0,30,-0,31,-0,04)
18:10:11.757	L(0,29,-0,27,0,03)	R(0,36,-0,32,-0,07)
18:10:12.799	L(0,08,-0,26,0,09)	R(0,30,-0,32,-0,02)
18:10:13.840	L(0,07,-0,26,0,09)	R(0,28,-0,32,-0,02)
18:10:14.881	L(0,08,-0,29,0,04)	R(0,27,-0,32,-0,01)
18:10:15.882	L(0,07,-0,28,0,06)	R(0,27,-0,32,-0,02)
18:10:16.894	L(0,09,-0,28,0,06)	R(0,28,-0,30,-0,02)
18:10:17.913	L(0,04,-0,23,0,08)	R(0,35,-0,26,-0,03)
18:10:18.966	L(0,09,-0,24,0,05)	R(0,34,-0,27,-0,03)
18:10:20.007	L(0,07,-0,23,0,04)	R(0,33,-0,27,-0,04)
18:10:21.023	L(0,07,-0,22,0,05)	R(0,34,-0,26,-0,04)
18:10:22.033	L(0,08,-0,22,0,03)	R(0,33,-0,24,-0,05)
18:10:23.046	L(0,08,-0,27,0,05)	R(0,30,-0,26,-0,04)
18:10:24.062	L(0,09,-0,28,0,06)	R(0,30,-0,27,-0,05)
18:10:25.103	L(0,10,-0,24,0,08)	R(0,30,-0,27,-0,06)
18:10:26.146	L(0,11,-0,24,0,07)	R(0,31,-0,27,-0,06)
18:10:27.187	L(0,04,-0,25,0,07)	R(0,30,-0,27,-0,05)
18:10:28.229	L(0,07,-0,25,0,08)	R(0,30,-0,27,-0,06)
18:10:29.271	L(0,07,-0,25,0,09)	R(0,30,-0,28,-0,05)
18:10:30.312	L(0,07,-0,25,0,09)	R(0,30,-0,27,-0,05)
18:10:31.354	L(0,05,-0,29,0,07)	R(0,29,-0,28,-0,04)
18:10:32.397	L(0,06,-0,25,0,08)	R(0,29,-0,28,-0,05)
18:10:33.437	L(0,08,-0,25,0,09)	R(0,30,-0,28,-0,05)
18:10:34.479	L(0,07,-0,25,0,09)	R(0,29,-0,28,-0,05)
18:10:35.521	L(0,07,-0,24,0,09)	R(0,29,-0,28,-0,04)
18:10:36.562	L(0,07,-0,25,0,09)	R(0,29,-0,28,-0,04)
18:10:37.604	L(0,07,-0,18,0,08)	R(0,29,-0,28,-0,04)
18:10:38.645	L(0,07,-0,22,0,08)	R(0,29,-0,29,-0,04)
18:10:39.687	L(0,07,-0,25,0,09)	R(0,29,-0,29,-0,04)
18:10:40.687	L(0,07,-0,25,0,09)	R(0,29,-0,29,-0,04)
18:10:41.730	L(0,04,-0,30,0,08)	R(0,28,-0,28,-0,04)
18:10:42.771	L(0,05,-0,25,0,07)	R(0,29,-0,29,-0,04)
18:10:43.813	L(0,09,-0,24,0,07)	R(0,29,-0,29,-0,05)
18:10:44.869	L(0,07,-0,25,0,09)	R(0,29,-0,29,-0,04)
18:10:45.909	L(0,07,-0,26,0,09)	R(0,29,-0,29,-0,04)
18:10:46.951	L(0,27,-0,30,0,01)	R(0,34,-0,30,-0,09)
18:10:47.993	L(0,17,-0,24,0,03)	R(0,33,-0,30,-0,06)
18:10:49.035	L(0,09,-0,25,0,08)	R(0,30,-0,30,-0,03)
18:10:50.076	L(0,09,-0,26,0,08)	R(0,29,-0,30,-0,03)
18:10:51.118	L(0,05,-0,25,0,10)	R(0,28,-0,30,-0,03)
18:10:52.159	L(0,05,-0,30,0,07)	R(0,28,-0,30,-0,03)
18:10:53.202	L(0,06,-0,30,0,07)	R(0,27,-0,30,-0,04)
18:10:54.242	L(0,05,-0,29,0,08)	R(0,27,-0,30,-0,03)
18:10:55.284	L(0,08,-0,25,0,07)	R(0,27,-0,30,-0,04)
18:10:56.326	L(0,05,-0,26,0,07)	R(0,27,-0,27,-0,03)
18:10:57.368	L(0,01,-0,23,0,08)	R(0,24,-0,21,-0,02)
18:10:58.410	L(0,02,-0,28,0,07)	R(0,25,-0,27,0,00)
18:10:59.452	L(0,04,-0,28,0,05)	R(0,22,-0,26,0,00)
18:11:00.494	L(0,05,-0,29,0,07)	R(0,22,-0,28,-0,01)
18:11:01.536	L(0,06,-0,27,0,06)	R(0,21,-0,26,-0,01)
18:11:02.577	L(0,07,-0,30,0,07)	R(0,21,-0,28,-0,01)
18:11:03.619	L(0,07,-0,29,0,07)	R(0,21,-0,29,-0,01)
18:11:04.660	L(0,05,-0,31,0,07)	R(0,21,-0,29,-0,01)
18:11:05.719	L(0,05,-0,31,0,07)	R(0,23,-0,30,-0,01)
18:11:06.756	L(0,05,-0,31,0,08)	R(0,24,-0,30,0,00)
18:11:07.799	L(0,05,-0,31,0,08)	R(0,24,-0,30,0,01)
18:11:08.841	L(0,05,-0,28,0,07)	R(0,24,-0,30,0,00)
18:11:09.881	L(0,10,-0,25,0,07)	R(0,24,-0,31,0,00)
18:11:10.923	L(0,09,-0,26,0,08)	R(0,24,-0,31,0,00)
18:11:11.965	L(0,08,-0,26,0,09)	R(0,24,-0,31,0,00)
18:11:13.007	L(0,07,-0,26,0,09)	R(0,24,-0,31,0,01)
18:11:14.049	L(0,07,-0,26,0,09)	R(0,23,-0,31,0,01)
18:11:15.091	L(0,07,-0,25,0,09)	R(0,23,-0,31,0,01)
18:11:16.132	L(0,07,-0,25,0,09)	R(0,23,-0,31,0,01)
18:11:17.174	L(0,02,-0,29,0,10)	R(0,23,-0,32,0,01)
18:11:18.216	L(0,04,-0,26,0,08)	R(0,23,-0,32,0,01)
18:11:19.257	L(0,09,-0,25,0,08)	R(0,24,-0,32,0,00)
18:11:20.299	L(0,09,-0,26,0,09)	R(0,24,-0,32,0,01)
18:11:21.340	L(0,04,-0,27,0,09)	R(0,24,-0,32,0,01)
18:11:22.382	L(0,04,-0,27,0,09)	R(0,24,-0,32,0,01)
18:11:23.424	L(0,09,-0,25,0,09)	R(0,25,-0,33,0,00)
18:11:24.466	L(0,07,-0,26,0,10)	R(0,24,-0,33,0,01)
18:11:25.507	L(0,07,-0,26,0,10)	R(0,24,-0,33,0,01)
18:11:26.548	L(-0,04,-0,31,0,12)	R(0,23,-0,33,0,02)
18:11:27.549	L(0,01,-0,26,0,09)	R(0,23,-0,33,0,01)
18:11:28.591	L(0,11,-0,25,0,08)	R(0,27,-0,33,-0,01)
18:11:29.632	L(0,11,-0,26,0,09)	R(0,27,-0,34,-0,01)
18:11:30.674	L(0,09,-0,25,0,08)	R(0,27,-0,34,-0,01)
18:11:31.715	L(0,03,-0,28,0,18)	R(0,26,-0,34,0,00)
18:11:32.757	L(0,08,-0,21,0,10)	R(0,26,-0,34,0,00)
18:11:33.799	L(0,13,-0,25,0,08)	R(0,28,-0,34,-0,01)
18:11:34.840	L(0,12,-0,25,0,08)	R(0,28,-0,34,-0,01)
18:11:35.882	L(0,12,-0,25,0,08)	R(0,28,-0,34,-0,01)
18:11:36.923	L(0,05,-0,30,0,07)	R(0,27,-0,34,-0,01)
18:11:37.965	L(0,30,-0,21,0,07)	R(0,31,-0,34,-0,05)
18:11:39.007	L(0,38,-0,21,0,12)	R(0,37,-0,31,-0,06)
18:11:40.049	L(0,28,-0,21,0,07)	R(0,35,-0,32,-0,05)
18:11:41.091	L(0,37,-0,18,0,13)	R(0,36,-0,32,-0,06)
18:11:42.132	L(0,39,-0,20,0,14)	R(0,37,-0,32,-0,05)
18:11:43.174	L(0,36,-0,18,0,13)	R(0,37,-0,31,-0,05)
18:11:44.215	L(0,39,-0,19,0,14)	R(0,37,-0,31,-0,06)
18:11:45.257	L(0,37,-0,19,0,13)	R(0,37,-0,31,-0,06)
18:11:46.299	L(0,38,-0,19,0,15)	R(0,38,-0,31,-0,05)
18:11:47.341	L(0,39,-0,18,0,17)	R(0,37,-0,30,-0,06)
18:11:48.381	L(0,40,-0,18,0,17)	R(0,38,-0,30,-0,06)
18:11:49.410	L(0,40,-0,19,0,17)	R(0,38,-0,30,-0,06)
18:11:50.452	L(0,40,-0,18,0,17)	R(0,38,-0,30,-0,07)
18:11:51.493	L(0,37,-0,20,0,13)	R(0,36,-0,29,-0,09)
18:11:52.535	L(0,37,-0,21,0,14)	R(0,35,-0,29,-0,07)
18:11:53.576	L(0,36,-0,24,0,10)	R(0,35,-0,29,-0,08)
18:11:54.618	L(0,36,-0,25,0,07)	R(0,34,-0,29,-0,09)
18:11:55.660	L(0,39,-0,21,0,10)	R(0,35,-0,29,-0,08)
18:11:56.701	L(0,41,-0,21,0,13)	R(0,37,-0,29,-0,08)
18:11:57.743	L(0,35,-0,23,0,09)	R(0,38,-0,27,-0,03)
18:11:58.785	L(0,34,-0,26,0,08)	R(0,38,-0,29,-0,05)
18:11:59.827	L(0,16,-0,25,0,05)	R(0,32,-0,31,-0,03)
18:12:00.868	L(0,15,-0,25,0,06)	R(0,32,-0,30,-0,02)
18:12:01.910	L(0,15,-0,25,0,07)	R(0,32,-0,30,-0,02)
18:12:02.952	L(0,14,-0,25,0,07)	R(0,32,-0,30,-0,01)
18:12:03.993	L(0,34,-0,21,0,08)	R(0,36,-0,30,-0,04)
18:12:05.035	L(0,37,-0,22,0,10)	R(0,38,-0,30,-0,05)
18:12:06.077	L(0,38,-0,22,0,10)	R(0,38,-0,30,-0,05)
18:12:07.119	L(0,39,-0,22,0,10)	R(0,38,-0,30,-0,05)
18:12:08.160	L(0,40,-0,21,0,11)	R(0,38,-0,30,-0,05)
18:12:09.202	L(0,41,-0,19,0,15)	R(0,38,-0,29,-0,06)
18:12:10.243	L(0,40,-0,18,0,16)	R(0,38,-0,29,-0,06)
18:12:11.272	L(0,39,-0,19,0,17)	R(0,37,-0,29,-0,07)
18:12:12.299	L(0,38,-0,23,0,12)	R(0,36,-0,29,-0,07)
18:12:13.327	L(0,39,-0,18,0,14)	R(0,37,-0,29,-0,08)
18:12:14.369	L(0,40,-0,24,0,13)	R(0,36,-0,28,-0,07)
18:12:15.410	L(0,38,-0,26,0,08)	R(0,36,-0,29,-0,07)
18:12:16.452	L(0,35,-0,22,0,06)	R(0,35,-0,29,-0,07)
18:12:17.493	L(0,36,-0,19,0,05)	R(0,36,-0,29,-0,08)
18:12:18.536	L(0,38,-0,16,0,10)	R(0,36,-0,29,-0,09)
18:12:19.563	L(0,38,-0,18,0,12)	R(0,37,-0,25,-0,04)
18:12:20.604	L(0,38,-0,20,0,14)	R(0,38,-0,25,-0,02)
18:12:21.646	L(0,38,-0,21,0,14)	R(0,37,-0,26,-0,04)
18:12:22.690	L(0,38,-0,20,0,16)	R(0,37,-0,26,-0,03)
18:12:23.716	L(0,24,-0,24,0,08)	R(0,35,-0,28,-0,04)
18:12:24.758	L(0,13,-0,24,0,01)	R(0,32,-0,28,-0,03)
18:12:25.799	L(0,05,-0,23,0,00)	R(0,27,-0,29,-0,04)
18:12:26.841	L(0,04,-0,24,0,01)	R(0,27,-0,29,-0,03)
18:12:27.882	L(0,06,-0,24,0,01)	R(0,27,-0,29,-0,03)
18:12:28.923	L(0,05,-0,24,0,00)	R(0,27,-0,29,-0,03)
18:12:29.966	L(0,25,-0,20,0,04)	R(0,32,-0,29,-0,05)
18:12:31.007	L(0,28,-0,20,0,07)	R(0,34,-0,29,-0,05)
18:12:32.049	L(0,29,-0,21,0,09)	R(0,34,-0,29,-0,05)
18:12:33.091	L(0,27,-0,22,0,05)	R(0,34,-0,29,-0,04)
18:12:34.132	L(0,30,-0,21,0,10)	R(0,34,-0,29,-0,04)
18:12:35.174	L(0,25,-0,25,0,07)	R(0,34,-0,29,-0,04)
18:12:36.215	L(0,13,-0,21,0,01)	R(0,30,-0,29,-0,04)
18:12:37.258	L(0,08,-0,23,0,01)	R(0,27,-0,30,-0,03)
18:12:38.299	L(0,08,-0,23,0,00)	R(0,27,-0,30,-0,03)
18:12:39.341	L(0,07,-0,23,0,00)	R(0,27,-0,29,-0,04)
18:12:40.381	L(0,07,-0,23,0,00)	R(0,27,-0,29,-0,04)
18:12:41.423	L(0,21,-0,21,0,02)	R(0,30,-0,30,-0,05)
18:12:42.465	L(0,26,-0,22,0,06)	R(0,34,-0,30,-0,04)
18:12:43.507	L(0,29,-0,22,0,08)	R(0,34,-0,29,-0,04)
18:12:44.549	L(0,27,-0,23,0,07)	R(0,34,-0,29,-0,04)
18:12:45.576	L(0,27,-0,24,0,07)	R(0,34,-0,29,-0,04)
18:12:46.618	L(0,31,-0,22,0,09)	R(0,34,-0,29,-0,04)
18:12:47.660	L(0,25,-0,25,0,05)	R(0,34,-0,30,-0,04)
18:12:48.702	L(0,11,-0,23,0,00)	R(0,30,-0,30,-0,04)
18:12:49.743	L(0,11,-0,24,-0,01)	R(0,29,-0,30,-0,04)
18:12:50.785	L(0,29,-0,23,0,07)	R(0,35,-0,30,-0,05)
18:12:51.826	L(0,30,-0,24,0,07)	R(0,35,-0,30,-0,06)
18:12:52.868	L(0,31,-0,22,0,08)	R(0,35,-0,30,-0,05)
18:12:53.910	L(0,27,-0,22,0,08)	R(0,35,-0,30,-0,05)
18:12:54.954	L(0,25,-0,27,0,05)	R(0,34,-0,30,-0,04)
18:12:55.994	L(0,13,-0,23,-0,01)	R(0,30,-0,30,-0,03)
18:12:57.035	L(0,12,-0,24,-0,01)	R(0,29,-0,30,-0,03)
18:12:58.077	L(0,11,-0,24,-0,02)	R(0,29,-0,30,-0,03)
18:12:59.119	L(0,11,-0,26,-0,06)	R(0,28,-0,28,-0,04)
18:13:00.173	L(0,03,-0,19,0,08)	R(0,21,-0,28,-0,08)
18:13:01.216	L(0,08,-0,21,0,14)	R(0,25,-0,29,-0,06)
18:13:02.258	L(0,02,-0,17,0,06)	R(0,24,-0,29,-0,06)
18:13:03.273	L(-0,01,-0,14,0,03)	R(0,24,-0,29,-0,05)
18:13:04.312	L(-0,02,-0,17,0,04)	R(0,23,-0,30,-0,04)
18:13:05.354	L(0,01,-0,19,0,06)	R(0,24,-0,30,-0,03)
18:13:06.396	L(0,01,-0,19,0,06)	R(0,24,-0,30,-0,03)
18:13:07.437	L(0,00,-0,20,0,05)	R(0,24,-0,30,-0,03)
18:13:08.481	L(0,01,-0,19,0,05)	R(0,24,-0,29,-0,04)
18:13:09.522	L(0,01,-0,19,0,08)	R(0,25,-0,30,-0,04)
18:13:10.563	L(0,01,-0,21,0,09)	R(0,25,-0,30,-0,04)
18:13:11.605	L(0,00,-0,22,0,02)	R(0,24,-0,30,-0,04)
18:13:12.664	L(0,00,-0,23,0,01)	R(0,24,-0,30,-0,06)
18:13:13.701	L(0,01,-0,21,0,00)	R(0,22,-0,29,-0,06)
18:13:14.743	L(0,02,-0,20,-0,02)	R(0,28,-0,27,-0,06)
18:13:15.784	L(0,10,-0,25,-0,02)	R(0,29,-0,27,-0,06)
18:13:16.827	L(0,07,-0,25,-0,02)	R(0,29,-0,27,-0,06)
18:13:17.869	L(0,11,-0,24,-0,03)	R(0,30,-0,28,-0,06)
18:13:18.910	L(0,11,-0,25,-0,03)	R(0,30,-0,28,-0,05)
18:13:19.952	L(0,09,-0,26,-0,04)	R(0,32,-0,28,-0,05)
18:13:20.994	L(0,10,-0,31,-0,04)	R(0,33,-0,30,-0,04)
18:13:22.035	L(0,10,-0,24,-0,04)	R(0,33,-0,30,-0,04)
18:13:23.077	L(0,12,-0,25,-0,03)	R(0,33,-0,30,-0,04)
18:13:24.118	L(0,12,-0,25,-0,03)	R(0,33,-0,30,-0,03)
18:13:25.160	L(0,12,-0,25,-0,02)	R(0,33,-0,30,-0,03)
18:13:26.201	L(0,12,-0,25,-0,02)	R(0,33,-0,30,-0,03)
18:13:27.242	L(0,17,-0,24,-0,07)	R(0,32,-0,27,-0,09)
18:13:28.273	L(0,31,-0,18,-0,19)	R(0,35,-0,24,-0,30)
18:13:29.300	L(0,37,-0,14,-0,23)	R(0,37,-0,24,-0,31)
18:13:30.329	L(0,47,-0,17,-0,21)	R(0,40,-0,24,-0,31)
18:13:31.356	L(0,37,-0,23,-0,19)	R(0,49,-0,19,-0,30)
18:13:32.383	L(0,36,-0,23,-0,17)	R(0,50,-0,18,-0,28)
18:13:33.412	L(0,36,-0,23,-0,18)	R(0,51,-0,18,-0,27)
18:13:34.439	L(0,32,-0,22,-0,15)	R(0,41,-0,25,-0,23)
18:13:35.465	L(0,12,-0,32,-0,06)	R(0,34,-0,29,-0,07)
18:13:36.507	L(0,12,-0,32,-0,05)	R(0,35,-0,29,-0,04)
18:13:37.548	L(0,13,-0,30,-0,05)	R(0,34,-0,28,-0,05)
18:13:38.590	L(0,18,-0,28,-0,05)	R(0,34,-0,27,-0,05)
18:13:39.636	L(0,16,-0,29,-0,03)	R(0,31,-0,28,-0,04)
18:13:40.677	L(0,05,-0,30,-0,01)	R(0,19,-0,31,-0,02)
18:13:41.718	L(0,04,-0,32,-0,01)	R(0,18,-0,32,-0,03)
18:13:42.761	L(0,04,-0,32,-0,01)	R(0,18,-0,32,-0,03)
18:13:43.801	L(0,04,-0,33,-0,01)	R(0,17,-0,33,-0,03)
18:13:44.840	L(0,04,-0,32,-0,03)	R(0,18,-0,32,-0,04)
18:13:45.882	L(0,29,-0,21,0,08)	R(0,31,-0,30,-0,07)
18:13:46.924	L(0,25,-0,18,0,04)	R(0,33,-0,31,-0,07)
18:13:47.966	L(0,26,-0,27,0,04)	R(0,32,-0,31,-0,07)
18:13:49.008	L(0,19,-0,23,0,01)	R(0,31,-0,31,-0,06)
18:13:50.049	L(0,00,-0,25,0,01)	R(0,25,-0,31,-0,05)
18:13:51.091	L(-0,01,-0,26,0,02)	R(0,24,-0,31,-0,04)
18:13:52.131	L(-0,01,-0,26,0,01)	R(0,24,-0,31,-0,04)
18:13:53.173	L(-0,01,-0,19,0,00)	R(0,25,-0,31,-0,04)
18:13:54.215	L(-0,01,-0,30,-0,01)	R(0,21,-0,30,-0,06)
18:13:55.257	L(-0,02,-0,28,0,00)	R(0,21,-0,31,-0,05)
18:13:56.256	L(-0,02,-0,30,0,00)	R(0,20,-0,31,-0,06)
18:13:57.299	L(-0,04,-0,28,-0,01)	R(0,20,-0,31,-0,06)
18:13:58.341	L(0,26,-0,27,0,00)	R(0,30,-0,30,-0,07)
18:13:59.382	L(0,31,-0,23,0,10)	R(0,33,-0,30,-0,07)
18:14:00.423	L(0,00,-0,32,-0,03)	R(0,27,-0,30,-0,05)
18:14:01.465	L(0,02,-0,31,-0,01)	R(0,25,-0,30,-0,06)
18:14:02.512	L(0,05,-0,27,-0,02)	R(0,26,-0,30,-0,06)
18:14:03.553	L(-0,01,-0,22,0,02)	R(0,23,-0,30,-0,06)
18:14:04.594	L(0,02,-0,23,0,01)	R(0,24,-0,31,-0,06)
18:14:05.635	L(0,01,-0,24,0,03)	R(0,25,-0,31,-0,06)
18:14:06.677	L(0,01,-0,24,0,04)	R(0,25,-0,31,-0,07)
18:14:07.718	L(0,01,-0,23,0,05)	R(0,25,-0,31,-0,06)
18:14:08.756	L(0,01,-0,24,0,03)	R(0,25,-0,31,-0,06)
18:14:09.799	L(0,01,-0,22,0,02)	R(0,24,-0,31,-0,06)
18:14:10.840	L(0,02,-0,24,0,04)	R(0,24,-0,31,-0,06)
18:14:11.884	L(0,03,-0,24,0,02)	R(0,24,-0,31,-0,06)
18:14:12.925	L(0,02,-0,28,0,02)	R(0,24,-0,31,-0,05)
18:14:13.970	L(0,01,-0,22,0,03)	R(0,24,-0,31,-0,05)
18:14:15.011	L(0,00,-0,21,0,02)	R(0,23,-0,32,-0,05)
18:14:16.065	L(0,01,-0,23,0,03)	R(0,25,-0,32,-0,05)
18:14:17.103	L(0,04,-0,26,-0,01)	R(0,24,-0,32,-0,04)
18:14:18.109	L(0,08,-0,28,0,00)	R(0,24,-0,32,-0,04)
18:14:19.148	L(0,07,-0,27,0,00)	R(0,24,-0,32,-0,05)
18:14:20.191	L(0,05,-0,29,0,00)	R(0,25,-0,32,-0,05)
18:14:21.200	L(0,06,-0,29,0,00)	R(0,24,-0,30,-0,05)
18:14:22.214	L(0,07,-0,29,0,02)	R(0,26,-0,30,-0,04)
18:14:23.252	L(0,06,-0,29,0,03)	R(0,25,-0,30,-0,03)
18:14:24.290	L(0,06,-0,28,0,02)	R(0,25,-0,30,-0,04)
18:14:25.332	L(0,03,-0,29,0,03)	R(0,24,-0,30,-0,04)
18:14:26.373	L(0,04,-0,16,0,04)	R(0,26,-0,31,-0,05)
18:14:27.372	L(0,05,-0,21,0,01)	R(0,27,-0,31,-0,05)
18:14:28.412	L(0,05,-0,21,0,00)	R(0,26,-0,31,-0,06)
18:14:29.451	L(0,02,-0,25,-0,02)	R(0,26,-0,31,-0,06)
18:14:30.451	L(0,03,-0,23,0,01)	R(0,25,-0,31,-0,05)
18:14:31.499	L(0,02,-0,22,0,01)	R(0,25,-0,31,-0,06)
18:14:32.539	L(0,03,-0,21,0,01)	R(0,26,-0,31,-0,07)
18:14:33.576	L(0,04,-0,22,0,00)	R(0,26,-0,31,-0,07)
18:14:34.618	L(0,00,-0,20,0,03)	R(0,26,-0,31,-0,07)
18:14:35.663	L(0,00,-0,21,0,02)	R(0,26,-0,31,-0,06)
18:14:36.701	L(0,02,-0,22,0,01)	R(0,26,-0,31,-0,07)
18:14:37.747	L(0,00,-0,19,0,03)	R(0,25,-0,31,-0,07)
18:14:38.786	L(0,03,-0,20,0,02)	R(0,26,-0,31,-0,08)
18:14:39.826	L(0,04,-0,22,0,01)	R(0,26,-0,31,-0,08)
18:14:40.868	L(0,01,-0,20,0,03)	R(0,26,-0,31,-0,07)
18:14:41.909	L(0,01,-0,20,0,05)	R(0,26,-0,31,-0,07)
18:14:42.952	L(0,01,-0,20,0,05)	R(0,26,-0,31,-0,06)
18:14:43.994	L(0,15,-0,20,0,01)	R(0,27,-0,31,-0,06)
18:14:45.036	L(0,26,-0,25,0,04)	R(0,31,-0,30,-0,07)
18:14:46.062	L(0,26,-0,26,0,03)	R(0,31,-0,30,-0,07)
18:14:47.104	L(0,25,-0,27,0,06)	R(0,32,-0,30,-0,07)
18:14:48.115	L(0,12,-0,05,-0,05)	R(0,39,-0,06,-0,17)
18:14:49.138	L(0,11,0,07,-0,16)	R(0,27,0,07,-0,25)
18:14:50.182	L(0,08,0,07,-0,19)	R(0,32,0,06,-0,22)
18:14:51.216	L(0,05,0,06,-0,22)	R(0,30,0,07,-0,19)
18:14:52.226	L(0,11,-0,20,-0,05)	R(0,32,-0,18,-0,10)
18:14:53.228	L(0,23,-0,28,0,00)	R(0,30,-0,27,-0,12)
18:14:54.243	L(0,26,-0,28,0,03)	R(0,32,-0,28,-0,11)
18:14:55.284	L(0,06,-0,22,-0,01)	R(0,27,-0,29,-0,09)
18:14:56.326	L(-0,03,-0,26,0,03)	R(0,20,-0,29,-0,08)
18:14:57.368	L(-0,03,-0,26,0,03)	R(0,19,-0,28,-0,08)
18:14:58.410	L(-0,04,-0,27,0,03)	R(0,19,-0,28,-0,09)
18:14:59.451	L(0,19,-0,27,-0,02)	R(0,25,-0,28,-0,11)
18:15:00.494	L(0,26,-0,28,0,02)	R(0,30,-0,28,-0,11)
18:15:01.535	L(0,03,-0,24,0,00)	R(0,25,-0,29,-0,09)
18:15:02.577	L(0,00,-0,27,0,03)	R(0,22,-0,29,-0,08)
18:15:03.618	L(0,00,-0,26,0,02)	R(0,23,-0,29,-0,08)
18:15:04.660	L(0,11,-0,26,-0,02)	R(0,24,-0,29,-0,09)
18:15:05.700	L(0,02,-0,26,0,02)	R(0,24,-0,29,-0,08)
18:15:06.745	L(0,09,-0,24,0,00)	R(0,26,-0,29,-0,08)
18:15:07.763	L(0,13,-0,22,-0,02)	R(0,31,-0,28,-0,09)
18:15:08.767	L(0,23,-0,22,0,01)	R(0,32,-0,28,-0,11)
18:15:09.806	L(0,30,-0,21,0,08)	R(0,35,-0,29,-0,10)
18:15:10.854	L(0,21,-0,20,0,03)	R(0,33,-0,29,-0,09)
18:15:11.896	L(0,04,-0,25,0,01)	R(0,24,-0,29,-0,07)
18:15:12.937	L(0,04,-0,24,0,01)	R(0,24,-0,29,-0,07)
18:15:13.980	L(0,18,-0,22,0,00)	R(0,27,-0,29,-0,09)
18:15:15.021	L(0,30,-0,22,0,07)	R(0,34,-0,29,-0,09)
18:15:16.063	L(0,10,-0,22,0,00)	R(0,27,-0,29,-0,08)
18:15:17.104	L(0,07,-0,25,0,00)	R(0,26,-0,29,-0,07)
18:15:18.146	L(0,13,-0,23,-0,02)	R(0,27,-0,29,-0,08)
18:15:19.188	L(0,08,-0,25,0,00)	R(0,28,-0,29,-0,08)
18:15:20.233	L(0,08,-0,25,0,00)	R(0,27,-0,29,-0,08)
18:15:21.277	L(0,02,-0,18,0,04)	R(0,26,-0,29,-0,07)
18:15:22.330	L(0,04,-0,23,0,01)	R(0,28,-0,30,-0,08)
18:15:23.368	L(0,04,-0,19,0,00)	R(0,27,-0,30,-0,08)
18:15:24.410	L(0,08,-0,24,0,00)	R(0,26,-0,30,-0,07)
18:15:25.455	L(0,09,-0,23,0,00)	R(0,26,-0,30,-0,07)
18:15:26.499	L(0,03,-0,15,0,02)	R(0,27,-0,30,-0,07)
18:15:27.539	L(0,04,-0,22,0,01)	R(0,27,-0,30,-0,07)
18:15:28.576	L(0,03,-0,21,0,00)	R(0,27,-0,29,-0,08)
18:15:29.618	L(0,08,-0,23,0,01)	R(0,26,-0,30,-0,07)
18:15:30.661	L(0,09,-0,23,0,01)	R(0,26,-0,30,-0,06)
18:15:31.702	L(0,08,-0,22,0,00)	R(0,27,-0,29,-0,08)
18:15:32.729	L(0,23,-0,18,0,02)	R(0,28,-0,29,-0,09)
18:15:33.771	L(0,31,-0,22,0,10)	R(0,34,-0,30,-0,09)
18:15:34.813	L(0,11,-0,21,0,00)	R(0,28,-0,30,-0,07)
18:15:35.855	L(0,11,-0,25,-0,01)	R(0,26,-0,30,-0,07)
18:15:36.896	L(0,13,-0,26,-0,01)	R(0,27,-0,30,-0,07)
18:15:37.939	L(0,12,-0,26,-0,01)	R(0,26,-0,30,-0,07)
18:15:38.979	L(0,11,-0,25,-0,02)	R(0,26,-0,30,-0,07)
18:15:40.021	L(0,09,-0,26,0,00)	R(0,26,-0,30,-0,07)
18:15:41.063	L(0,09,-0,26,-0,01)	R(0,26,-0,30,-0,07)
18:15:42.104	L(0,09,-0,26,-0,01)	R(0,26,-0,30,-0,07)
18:15:43.103	L(0,09,-0,26,-0,01)	R(0,26,-0,30,-0,07)
18:15:44.146	L(0,09,-0,26,-0,01)	R(0,25,-0,30,-0,07)
18:15:45.188	L(0,03,-0,20,0,16)	R(0,27,-0,30,-0,08)
18:15:46.230	L(0,04,-0,20,0,11)	R(0,26,-0,30,-0,07)
18:15:47.271	L(0,02,-0,25,0,02)	R(0,25,-0,30,-0,07)
18:15:48.313	L(0,02,-0,24,0,01)	R(0,24,-0,30,-0,07)
18:15:49.355	L(0,01,-0,25,0,02)	R(0,24,-0,30,-0,07)
18:15:50.396	L(0,01,-0,26,0,02)	R(0,24,-0,30,-0,06)
18:15:51.438	L(0,02,-0,18,0,15)	R(0,24,-0,30,-0,07)
18:15:52.479	L(0,03,-0,23,0,25)	R(0,27,-0,29,-0,07)
18:15:53.521	L(0,00,-0,20,0,08)	R(0,25,-0,29,-0,07)
18:15:54.562	L(-0,02,-0,20,0,01)	R(0,23,-0,30,-0,07)
18:15:55.604	L(-0,03,-0,20,-0,01)	R(0,23,-0,30,-0,07)
18:15:56.646	L(-0,04,-0,20,-0,03)	R(0,22,-0,30,-0,07)
18:15:57.687	L(-0,04,-0,21,-0,03)	R(0,22,-0,30,-0,07)
18:15:58.730	L(-0,04,-0,20,-0,01)	R(0,23,-0,30,-0,06)
18:15:59.771	L(-0,02,-0,19,-0,02)	R(0,23,-0,30,-0,06)
18:16:00.813	L(-0,02,-0,19,0,00)	R(0,23,-0,30,-0,06)
18:16:01.855	L(-0,03,-0,19,0,02)	R(0,23,-0,30,-0,05)
18:16:02.896	L(-0,02,-0,19,0,04)	R(0,24,-0,30,-0,05)
18:16:03.951	L(-0,02,-0,19,0,06)	R(0,24,-0,31,-0,04)
18:16:04.951	L(-0,02,-0,20,0,07)	R(0,24,-0,31,-0,04)
18:16:05.994	L(-0,02,-0,20,0,08)	R(0,24,-0,31,-0,04)
18:16:07.035	L(-0,03,-0,19,0,08)	R(0,24,-0,31,-0,04)
18:16:08.077	L(-0,04,-0,20,0,07)	R(0,24,-0,31,-0,04)
18:16:09.118	L(-0,04,-0,20,0,06)	R(0,24,-0,31,-0,05)
18:16:10.160	L(-0,01,-0,19,0,07)	R(0,25,-0,31,-0,05)
18:16:11.201	L(0,00,-0,20,0,07)	R(0,25,-0,30,-0,05)
18:16:12.243	L(0,01,-0,19,0,07)	R(0,26,-0,31,-0,06)
18:16:13.285	L(0,02,-0,20,0,06)	R(0,26,-0,31,-0,06)
18:16:14.327	L(0,01,-0,20,0,05)	R(0,26,-0,31,-0,07)
18:16:15.369	L(0,00,-0,19,0,04)	R(0,26,-0,31,-0,07)
18:16:16.410	L(0,00,-0,20,0,05)	R(0,26,-0,31,-0,06)
18:16:17.452	L(-0,01,-0,20,0,03)	R(0,25,-0,31,-0,07)
18:16:18.493	L(-0,01,-0,20,0,02)	R(0,25,-0,30,-0,07)
18:16:19.535	L(-0,02,-0,20,0,01)	R(0,25,-0,31,-0,07)
18:16:20.576	L(0,00,-0,19,0,00)	R(0,25,-0,30,-0,08)
18:16:21.619	L(0,00,-0,19,0,01)	R(0,25,-0,30,-0,08)
18:16:22.660	L(0,00,-0,20,0,03)	R(0,25,-0,30,-0,07)
18:16:23.701	L(0,02,-0,20,0,03)	R(0,26,-0,30,-0,06)
18:16:24.743	L(0,03,-0,20,0,06)	R(0,26,-0,31,-0,06)
18:16:25.743	L(0,04,-0,19,0,06)	R(0,27,-0,31,-0,06)
18:16:26.785	L(0,04,-0,20,0,05)	R(0,27,-0,31,-0,06)
18:16:27.826	L(0,04,-0,20,0,03)	R(0,26,-0,31,-0,07)
18:16:28.869	L(0,03,-0,20,0,01)	R(0,26,-0,31,-0,08)
18:16:29.910	L(0,03,-0,20,0,00)	R(0,26,-0,31,-0,09)
18:16:30.952	L(0,02,-0,21,-0,01)	R(0,26,-0,31,-0,08)
18:16:31.994	L(0,01,-0,20,0,00)	R(0,26,-0,31,-0,09)
18:16:33.035	L(0,02,-0,20,0,02)	R(0,26,-0,31,-0,08)
18:16:34.077	L(0,04,-0,19,0,03)	R(0,27,-0,31,-0,08)
18:16:35.119	L(0,06,-0,20,0,05)	R(0,28,-0,31,-0,07)
18:16:36.160	L(0,06,-0,20,0,04)	R(0,28,-0,31,-0,07)
18:16:37.202	L(0,05,-0,20,0,02)	R(0,28,-0,31,-0,08)
18:16:38.243	L(0,05,-0,20,0,01)	R(0,27,-0,31,-0,09)
18:16:39.284	L(0,04,-0,20,-0,01)	R(0,27,-0,31,-0,09)
18:16:40.327	L(0,05,-0,20,-0,02)	R(0,27,-0,31,-0,09)
18:16:41.369	L(0,06,-0,20,-0,01)	R(0,28,-0,31,-0,09)
18:16:42.410	L(0,06,-0,20,0,00)	R(0,28,-0,31,-0,08)
18:16:43.452	L(0,07,-0,20,0,01)	R(0,28,-0,31,-0,08)
18:16:44.494	L(0,07,-0,21,0,02)	R(0,28,-0,31,-0,07)
18:16:45.535	L(0,08,-0,21,0,04)	R(0,29,-0,31,-0,08)
18:16:46.591	L(0,08,-0,20,0,05)	R(0,29,-0,31,-0,07)
18:16:47.591	L(0,09,-0,20,0,04)	R(0,29,-0,31,-0,07)
18:16:48.633	L(0,10,-0,20,0,04)	R(0,29,-0,31,-0,07)
18:16:49.674	L(0,11,-0,19,0,04)	R(0,30,-0,31,-0,08)
18:16:50.716	L(0,11,-0,19,0,03)	R(0,30,-0,31,-0,08)
18:16:51.758	L(0,11,-0,20,0,02)	R(0,30,-0,31,-0,09)
18:16:52.800	L(0,10,-0,20,0,01)	R(0,30,-0,31,-0,08)
18:16:53.841	L(0,10,-0,19,-0,01)	R(0,30,-0,31,-0,08)
18:16:54.882	L(0,09,-0,20,-0,02)	R(0,29,-0,31,-0,09)
18:16:55.923	L(0,08,-0,19,-0,02)	R(0,29,-0,31,-0,09)
18:16:56.966	L(0,08,-0,21,-0,02)	R(0,29,-0,32,-0,09)
18:16:58.008	L(0,08,-0,20,0,00)	R(0,29,-0,32,-0,08)
18:16:59.049	L(0,08,-0,20,0,02)	R(0,29,-0,32,-0,07)
18:17:00.091	L(0,08,-0,20,0,02)	R(0,29,-0,32,-0,07)
18:17:01.132	L(0,01,-0,21,-0,03)	R(0,26,-0,31,-0,07)
18:17:02.173	L(-0,03,-0,27,0,03)	R(0,21,-0,29,-0,03)
18:17:03.229	L(-0,03,-0,23,0,03)	R(0,17,-0,29,-0,02)
18:17:04.271	L(0,02,-0,19,0,04)	R(0,21,-0,29,-0,03)
18:17:05.313	L(0,24,-0,28,0,02)	R(0,32,-0,30,-0,05)
18:17:06.355	L(0,12,-0,25,-0,03)	R(0,27,-0,28,-0,06)
18:17:07.396	L(-0,03,-0,26,0,03)	R(0,18,-0,26,-0,04)
18:17:08.395	L(-0,03,-0,24,0,03)	R(0,18,-0,26,-0,03)
18:17:09.438	L(-0,04,-0,27,0,03)	R(0,19,-0,26,-0,03)
18:17:10.492	L(-0,03,-0,26,0,03)	R(0,19,-0,26,-0,04)
18:17:11.548	L(-0,02,-0,26,0,02)	R(0,18,-0,26,-0,04)
18:17:12.548	L(-0,03,-0,26,0,03)	R(0,17,-0,26,-0,03)
18:17:13.603	L(-0,03,-0,26,0,03)	R(0,17,-0,26,-0,02)
18:17:14.603	L(-0,04,-0,26,0,03)	R(0,17,-0,26,-0,03)
18:17:15.660	L(-0,03,-0,26,0,03)	R(0,17,-0,26,-0,04)
18:17:16.701	L(-0,05,-0,28,0,03)	R(0,17,-0,26,-0,03)
18:17:17.742	L(-0,04,-0,26,0,03)	R(0,17,-0,26,-0,03)
18:17:18.742	L(-0,04,-0,26,0,03)	R(0,17,-0,26,-0,03)
18:17:19.798	L(-0,03,-0,24,0,02)	R(0,16,-0,25,-0,04)
18:17:20.798	L(-0,04,-0,25,0,03)	R(0,16,-0,26,-0,03)
18:17:21.855	L(-0,05,-0,26,0,03)	R(0,16,-0,25,-0,04)
18:17:22.897	L(-0,06,-0,29,0,03)	R(0,22,-0,29,-0,03)
18:17:23.937	L(-0,04,-0,26,0,03)	R(0,17,-0,26,-0,03)
18:17:24.979	L(-0,04,-0,26,0,02)	R(0,17,-0,26,-0,03)
18:17:25.981	L(-0,04,-0,26,0,02)	R(0,18,-0,26,-0,04)
18:17:27.034	L(-0,03,-0,26,0,03)	R(0,18,-0,26,-0,04)
18:17:28.076	L(-0,03,-0,24,0,02)	R(0,17,-0,24,-0,04)
18:17:29.131	L(-0,03,-0,24,0,02)	R(0,17,-0,25,-0,04)
18:17:30.132	L(-0,06,-0,25,0,00)	R(0,19,-0,25,-0,05)
18:17:31.172	L(-0,03,-0,25,0,01)	R(0,22,-0,24,-0,06)
18:17:32.189	L(-0,03,-0,24,0,01)	R(0,22,-0,24,-0,05)
18:17:33.216	L(0,01,-0,23,-0,01)	R(0,23,-0,23,-0,06)
18:17:34.228	L(0,01,-0,21,0,00)	R(0,23,-0,22,-0,06)
18:17:35.240	L(0,00,-0,24,0,00)	R(0,20,-0,24,-0,06)
18:17:36.248	L(-0,06,-0,24,-0,01)	R(0,14,-0,24,-0,05)
18:17:37.283	L(0,00,-0,26,-0,01)	R(0,17,-0,25,-0,04)
18:17:38.284	L(-0,02,-0,26,0,03)	R(0,18,-0,25,-0,04)
18:17:39.326	L(-0,02,-0,26,0,02)	R(0,18,-0,25,-0,04)
18:17:40.381	L(-0,02,-0,26,0,02)	R(0,18,-0,26,-0,04)
18:17:41.423	L(-0,02,-0,25,0,03)	R(0,18,-0,26,-0,04)
18:17:42.465	L(0,00,-0,28,0,02)	R(0,17,-0,27,-0,04)
18:17:43.507	L(0,02,-0,26,-0,01)	R(0,18,-0,24,-0,06)
18:17:44.549	L(0,04,-0,26,0,01)	R(0,20,-0,25,-0,07)
18:17:45.590	L(0,01,-0,26,0,02)	R(0,16,-0,25,-0,04)
18:17:46.636	L(0,01,-0,25,0,02)	R(0,16,-0,25,-0,03)
18:17:47.677	L(-0,02,-0,24,0,02)	R(0,13,-0,28,0,00)
18:17:48.719	L(-0,05,-0,28,0,01)	R(0,08,-0,34,-0,01)
18:17:49.760	L(-0,05,-0,28,0,00)	R(0,07,-0,33,-0,01)
18:17:50.812	L(-0,04,-0,26,0,00)	R(0,11,-0,30,-0,04)
18:17:51.855	L(-0,04,-0,26,0,00)	R(0,13,-0,30,-0,02)
18:17:52.896	L(-0,04,-0,25,-0,01)	R(0,10,-0,29,0,00)
18:17:53.898	L(-0,02,-0,24,-0,01)	R(0,11,-0,28,0,00)
18:17:54.907	L(-0,01,-0,24,-0,01)	R(0,13,-0,28,0,00)
18:17:55.952	L(0,08,-0,26,-0,01)	R(0,17,-0,27,-0,01)
18:17:56.952	L(0,08,-0,25,-0,01)	R(0,16,-0,28,0,00)
18:17:57.993	L(0,09,-0,25,-0,01)	R(0,16,-0,27,0,00)
18:17:59.035	L(0,07,-0,25,-0,02)	R(0,15,-0,30,-0,02)
18:18:00.076	L(0,07,-0,24,-0,02)	R(0,16,-0,27,-0,02)
18:18:01.118	L(0,06,-0,24,-0,02)	R(0,15,-0,28,0,00)
18:18:02.161	L(0,07,-0,24,-0,02)	R(0,16,-0,28,0,00)
18:18:03.201	L(0,11,-0,27,0,00)	R(0,23,-0,27,-0,06)
18:18:04.243	L(0,12,-0,27,0,01)	R(0,24,-0,28,-0,05)
18:18:05.285	L(0,12,-0,27,0,01)	R(0,24,-0,27,-0,05)
18:18:06.326	L(0,11,-0,29,-0,01)	R(0,24,-0,28,-0,06)
18:18:07.368	L(0,11,-0,26,-0,01)	R(0,24,-0,27,-0,06)
18:18:08.410	L(0,12,-0,27,0,01)	R(0,25,-0,27,-0,06)
18:18:09.451	L(0,12,-0,27,0,01)	R(0,24,-0,28,-0,05)
18:18:10.493	L(0,08,-0,26,0,01)	R(0,23,-0,28,-0,06)
18:18:11.536	L(0,07,-0,26,0,01)	R(0,22,-0,28,-0,06)
18:18:12.535	L(0,08,-0,26,0,01)	R(0,23,-0,28,-0,05)
18:18:13.576	L(0,09,-0,27,0,01)	R(0,23,-0,28,-0,05)
18:18:14.619	L(0,09,-0,27,0,01)	R(0,23,-0,28,-0,05)
18:18:15.659	L(0,08,-0,27,0,01)	R(0,23,-0,28,-0,05)
18:18:16.701	L(0,06,-0,27,0,02)	R(0,22,-0,28,-0,05)
18:18:17.743	L(0,05,-0,26,0,01)	R(0,22,-0,28,-0,05)
18:18:18.785	L(0,08,-0,26,0,01)	R(0,22,-0,28,-0,05)
18:18:19.826	L(0,08,-0,26,0,01)	R(0,23,-0,28,-0,05)
18:18:20.869	L(0,07,-0,26,0,01)	R(0,21,-0,28,-0,05)
18:18:21.910	L(0,07,-0,26,0,01)	R(0,21,-0,28,-0,05)
18:18:22.952	L(0,08,-0,27,0,01)	R(0,22,-0,27,-0,05)
18:18:23.968	L(0,11,-0,24,-0,02)	R(0,22,-0,25,-0,09)
18:18:24.976	L(0,14,-0,23,-0,03)	R(0,25,-0,25,-0,15)
18:18:26.005	L(0,12,-0,24,-0,05)	R(0,30,-0,26,-0,14)
18:18:27.048	L(0,04,-0,25,0,02)	R(0,25,-0,28,-0,07)
18:18:28.090	L(0,03,-0,22,0,07)	R(0,29,-0,29,-0,03)
18:18:29.132	L(0,02,-0,23,0,07)	R(0,29,-0,28,-0,04)
18:18:30.174	L(0,04,-0,24,0,02)	R(0,28,-0,28,-0,04)
18:18:31.220	L(0,06,-0,25,0,02)	R(0,28,-0,28,-0,04)
18:18:32.260	L(0,06,-0,31,0,02)	R(0,26,-0,28,-0,04)
18:18:33.316	L(0,06,-0,32,0,01)	R(0,26,-0,28,-0,05)
18:18:34.315	L(0,06,-0,32,0,01)	R(0,26,-0,28,-0,04)
18:18:35.354	L(-0,03,-0,29,0,03)	R(0,25,-0,29,-0,04)
18:18:36.396	L(-0,05,-0,28,0,06)	R(0,25,-0,29,-0,04)
18:18:37.437	L(0,06,-0,24,0,02)	R(0,25,-0,29,-0,04)
18:18:38.479	L(0,07,-0,25,0,02)	R(0,25,-0,29,-0,04)
18:18:39.521	L(0,07,-0,26,0,02)	R(0,25,-0,29,-0,04)
18:18:40.563	L(0,04,-0,25,0,00)	R(0,25,-0,29,-0,04)
18:18:41.603	L(0,01,-0,24,0,02)	R(0,23,-0,29,-0,06)
18:18:42.645	L(0,04,-0,16,0,17)	R(0,26,-0,29,-0,07)
18:18:43.687	L(0,05,-0,15,0,15)	R(0,27,-0,29,-0,07)
18:18:44.729	L(-0,01,-0,20,0,03)	R(0,23,-0,30,-0,06)
18:18:45.770	L(0,07,-0,22,0,23)	R(0,27,-0,30,-0,04)
18:18:46.813	L(-0,02,-0,15,0,09)	R(0,25,-0,30,-0,04)
18:18:47.855	L(-0,02,-0,16,0,09)	R(0,24,-0,30,-0,05)
18:18:48.896	L(0,00,-0,16,0,09)	R(0,24,-0,30,-0,05)
18:18:49.937	L(-0,01,-0,17,0,07)	R(0,25,-0,30,-0,06)
18:18:50.979	L(-0,01,-0,17,0,03)	R(0,24,-0,30,-0,08)
18:18:52.021	L(-0,03,-0,17,0,02)	R(0,24,-0,30,-0,09)
18:18:53.062	L(-0,03,-0,16,0,03)	R(0,23,-0,30,-0,09)
18:18:54.104	L(-0,03,-0,17,0,05)	R(0,24,-0,30,-0,07)
18:18:55.159	L(-0,02,-0,16,0,05)	R(0,24,-0,30,-0,08)
18:18:56.160	L(0,01,-0,15,0,07)	R(0,25,-0,30,-0,08)
18:18:57.201	L(0,01,-0,18,0,08)	R(0,25,-0,31,-0,06)
18:18:58.242	L(0,01,-0,18,0,06)	R(0,25,-0,31,-0,07)
18:18:59.284	L(0,00,-0,18,0,04)	R(0,25,-0,31,-0,09)
18:19:00.326	L(0,00,-0,18,0,02)	R(0,24,-0,30,-0,10)
18:19:01.368	L(0,01,-0,18,0,01)	R(0,24,-0,30,-0,10)
18:19:02.410	L(0,02,-0,18,0,03)	R(0,25,-0,30,-0,10)
18:19:03.452	L(0,02,-0,18,0,04)	R(0,26,-0,30,-0,09)
18:19:04.493	L(0,03,-0,18,0,03)	R(0,26,-0,31,-0,09)
18:19:05.534	L(0,04,-0,17,0,06)	R(0,27,-0,31,-0,08)
18:19:06.576	L(0,05,-0,18,0,07)	R(0,27,-0,31,-0,07)
18:19:07.577	L(0,06,-0,19,0,07)	R(0,27,-0,31,-0,07)
18:19:08.577	L(0,06,-0,19,0,05)	R(0,28,-0,31,-0,08)
18:19:09.632	L(0,05,-0,19,0,03)	R(0,27,-0,31,-0,08)
18:19:10.632	L(0,05,-0,19,0,01)	R(0,27,-0,31,-0,10)
18:19:11.673	L(0,05,-0,19,-0,01)	R(0,27,-0,31,-0,10)
18:19:12.715	L(0,04,-0,19,-0,01)	R(0,27,-0,31,-0,10)
18:19:13.757	L(0,03,-0,18,0,00)	R(0,26,-0,31,-0,09)
18:19:14.799	L(0,06,-0,17,0,01)	R(0,27,-0,31,-0,08)
18:19:15.840	L(0,07,-0,19,0,01)	R(0,28,-0,31,-0,08)
18:19:16.840	L(0,07,-0,19,0,03)	R(0,28,-0,31,-0,08)
18:19:17.881	L(0,07,-0,19,0,06)	R(0,29,-0,32,-0,06)
18:19:18.923	L(0,08,-0,19,0,08)	R(0,29,-0,32,-0,05)
18:19:19.965	L(0,10,-0,19,0,07)	R(0,29,-0,32,-0,05)
18:19:21.007	L(0,09,-0,19,0,05)	R(0,29,-0,32,-0,06)
18:19:22.049	L(0,09,-0,19,0,04)	R(0,29,-0,32,-0,06)
18:19:23.091	L(0,08,-0,19,0,02)	R(0,29,-0,32,-0,06)
18:19:24.132	L(0,08,-0,19,0,01)	R(0,29,-0,32,-0,07)
18:19:25.188	L(0,10,-0,19,0,01)	R(0,29,-0,32,-0,07)
18:19:26.230	L(0,10,-0,19,0,04)	R(0,29,-0,32,-0,06)
18:19:27.271	L(0,10,-0,19,0,05)	R(0,30,-0,32,-0,06)
18:19:28.313	L(0,11,-0,19,0,07)	R(0,30,-0,32,-0,05)
18:19:29.355	L(0,13,-0,19,0,06)	R(0,31,-0,32,-0,05)
18:19:30.396	L(0,13,-0,19,0,04)	R(0,31,-0,32,-0,06)
18:19:31.437	L(0,12,-0,19,0,02)	R(0,31,-0,32,-0,07)
18:19:32.479	L(0,12,-0,19,0,00)	R(0,31,-0,32,-0,07)
18:19:33.521	L(0,13,-0,17,-0,01)	R(0,31,-0,32,-0,07)
18:19:34.563	L(0,20,-0,26,0,01)	R(0,34,-0,31,-0,08)
18:19:35.563	L(0,16,-0,26,-0,02)	R(0,33,-0,28,-0,14)
18:19:36.589	L(0,15,-0,27,-0,04)	R(0,33,-0,21,-0,28)
18:19:37.602	L(0,16,-0,28,-0,06)	R(0,36,-0,22,-0,27)
18:19:38.615	L(0,17,-0,28,-0,07)	R(0,39,-0,23,-0,28)
18:19:39.631	L(0,17,-0,28,-0,08)	R(0,41,-0,24,-0,29)
18:19:40.646	L(0,17,-0,28,-0,08)	R(0,39,-0,24,-0,27)
18:19:41.646	L(0,24,-0,22,-0,18)	R(0,42,-0,24,-0,28)
18:19:42.664	L(0,09,-0,19,-0,06)	R(0,31,-0,27,-0,12)
18:19:43.701	L(0,11,-0,24,-0,03)	R(0,36,-0,29,-0,04)
18:19:44.757	L(0,06,-0,09,-0,10)	R(0,33,-0,20,-0,09)
18:19:45.782	L(0,19,-0,27,-0,11)	R(0,45,-0,23,-0,33)
18:19:46.796	L(0,18,-0,26,-0,13)	R(0,46,-0,25,-0,32)
18:19:47.812	L(0,13,-0,27,-0,15)	R(0,49,-0,23,-0,34)
18:19:48.814	L(0,12,-0,27,-0,15)	R(0,50,-0,27,-0,32)
18:19:49.856	L(0,12,-0,27,-0,16)	R(0,51,-0,27,-0,32)
18:19:50.857	L(0,12,-0,27,-0,16)	R(0,51,-0,27,-0,32)
18:19:51.897	L(0,12,-0,27,-0,16)	R(0,51,-0,27,-0,32)
18:19:52.937	L(0,08,-0,27,-0,16)	R(0,50,-0,27,-0,30)
18:19:53.937	L(0,06,-0,28,-0,13)	R(0,49,-0,26,-0,31)
18:19:54.948	L(0,10,-0,28,-0,11)	R(0,51,-0,24,-0,28)
18:19:55.950	L(0,10,-0,28,-0,13)	R(0,50,-0,24,-0,30)
18:19:56.963	L(0,13,-0,28,-0,16)	R(0,48,-0,24,-0,32)
18:19:57.978	L(0,16,-0,27,-0,17)	R(0,50,-0,24,-0,45)
18:19:58.986	L(0,02,-0,23,0,02)	R(0,18,-0,27,-0,13)
18:19:59.993	L(0,04,-0,24,0,03)	R(0,22,-0,28,-0,10)
18:20:01.048	L(-0,01,0,01,-0,21)	R(0,21,-0,01,-0,20)
18:20:02.090	L(0,16,-0,28,-0,08)	R(0,19,-0,29,-0,11)
18:20:03.146	L(0,20,-0,27,-0,07)	R(0,22,-0,29,-0,10)
18:20:04.200	L(0,20,-0,26,-0,06)	R(0,22,-0,27,-0,09)
18:20:05.254	L(0,24,-0,24,-0,04)	R(0,25,-0,26,-0,07)
18:20:06.255	L(0,28,-0,25,-0,03)	R(0,29,-0,27,-0,06)
18:20:07.309	L(0,28,-0,24,-0,04)	R(0,30,-0,26,-0,06)
18:20:08.364	L(0,29,-0,06,0,09)	R(0,31,-0,08,0,06)
18:20:09.364	L(0,25,-0,06,0,08)	R(0,27,-0,08,0,06)
18:20:10.365	L(0,24,-0,22,0,05)	R(0,25,-0,22,0,03)
18:20:11.367	L(0,20,-0,37,-0,02)	R(0,23,-0,37,-0,05)
18:20:12.368	L(0,43,-0,47,0,07)	R(0,44,-0,47,0,05)
18:20:13.421	L(0,23,-0,63,0,16)	R(0,25,-0,62,0,16)
18:20:14.475	L(0,28,-0,69,0,19)	R(0,29,-0,67,0,19)
18:20:15.476	L(0,28,-0,69,0,21)	R(0,35,-0,70,0,23)
18:20:16.478	L(0,28,-0,69,0,21)	R(-0,01,-0,79,0,24)
18:20:17.479	L(0,28,-0,69,0,21)	R(-0,01,-0,79,0,24)
18:20:18.480	L(0,28,-0,69,0,21)	R(-0,01,-0,79,0,24)
18:20:19.505	L(0,28,-0,69,0,21)	R(-0,01,-0,79,0,24)
18:20:42.575	L(0,23,-0,53,0,63)	R(0,00,0,00,0,00)
18:20:43.648	L(0,02,-0,68,0,26)	R(0,40,-0,59,-0,11)
18:20:44.698	L(0,02,-0,68,0,26)	R(0,40,-0,59,-0,11)
18:20:45.718	L(0,00,-0,70,0,28)	R(0,40,-0,59,-0,11)
18:20:46.723	L(-0,05,-0,71,0,28)	R(0,05,-0,59,0,30)
18:20:47.742	L(-0,12,-0,66,0,29)	R(0,07,-0,36,0,06)
18:20:48.750	L(-0,11,-0,02,0,01)	R(0,03,-0,03,-0,14)
18:20:49.797	L(-0,06,-0,01,0,00)	R(0,00,-0,04,-0,25)
18:20:50.807	L(0,11,-0,24,0,03)	R(0,40,-0,10,-0,26)
18:20:51.807	L(0,13,-0,24,-0,01)	R(0,53,-0,07,-0,26)
18:20:52.810	L(0,13,-0,23,-0,01)	R(0,53,-0,07,-0,25)
18:20:53.821	L(0,14,-0,23,-0,01)	R(0,53,-0,07,-0,26)
18:20:54.822	L(0,14,-0,23,-0,02)	R(0,53,-0,07,-0,27)
18:20:55.831	L(0,11,-0,22,-0,03)	R(0,53,-0,07,-0,27)
18:20:56.837	L(0,09,-0,23,-0,04)	R(0,52,-0,07,-0,28)
18:20:57.848	L(0,10,-0,23,-0,06)	R(0,53,-0,07,-0,28)
