17:16:53.623	L(-0,03,-0,36,0,22)	R(0,11,-0,34,0,09)
17:16:54.624	L(-0,32,-0,23,0,15)	R(0,02,-0,23,0,14)
17:16:55.672	L(-0,32,-0,30,0,17)	R(0,01,-0,01,0,34)
17:16:56.702	L(-0,15,-0,25,0,18)	R(0,15,-0,24,0,12)
17:16:57.720	L(-0,08,-0,30,0,16)	R(0,09,-0,33,0,08)
17:16:58.735	L(-0,19,-0,35,0,21)	R(0,19,-0,25,0,21)
17:16:59.763	L(-0,27,-0,34,0,27)	R(-0,08,-0,36,0,27)
17:17:00.785	L(-0,33,-0,37,0,23)	R(-0,15,-0,38,0,28)
17:17:01.833	L(-0,21,-0,41,0,19)	R(-0,08,-0,39,0,25)
17:17:02.861	L(-0,26,-0,37,0,23)	R(-0,10,-0,38,0,27)
17:17:03.888	L(-0,29,-0,37,0,23)	R(-0,12,-0,39,0,26)
17:17:04.921	L(-0,43,-0,32,0,13)	R(-0,24,-0,34,0,26)
17:17:05.972	L(-0,28,-0,34,0,19)	R(-0,06,-0,27,0,28)
17:17:06.983	L(-0,09,-0,29,0,25)	R(0,12,-0,30,0,09)
17:17:08.023	L(-0,20,-0,39,0,25)	R(-0,04,-0,39,0,23)
17:17:09.068	L(-0,32,-0,37,0,24)	R(-0,07,-0,37,0,26)
17:17:10.095	L(-0,30,-0,32,0,25)	R(0,01,-0,27,0,27)
17:17:11.105	L(-0,30,-0,31,0,23)	R(-0,11,-0,32,0,29)
17:17:12.129	L(-0,27,-0,34,0,22)	R(-0,10,-0,37,0,24)
17:17:13.179	L(-0,27,-0,34,0,21)	R(-0,08,-0,36,0,25)
17:17:14.206	L(-0,33,-0,33,0,18)	R(-0,07,-0,25,0,28)
17:17:15.236	L(-0,37,-0,37,0,15)	R(-0,40,-0,23,0,59)
17:17:16.261	L(-0,34,-0,36,0,18)	R(-0,29,-0,14,0,51)
17:17:17.290	L(-0,35,-0,37,0,16)	R(-0,25,-0,23,0,34)
17:17:18.318	L(-0,35,-0,39,0,18)	R(-0,25,-0,28,0,35)
17:17:19.344	L(-0,35,-0,39,0,18)	R(-0,25,-0,30,0,34)
17:17:20.372	L(-0,37,-0,36,0,18)	R(-0,15,-0,24,0,29)
17:17:21.399	L(-0,36,-0,35,0,16)	R(-0,27,-0,16,0,58)
17:17:22.428	L(-0,37,-0,37,0,16)	R(-0,33,-0,26,0,56)
17:17:23.455	L(-0,35,-0,37,0,17)	R(-0,30,-0,22,0,54)
17:17:24.483	L(-0,34,-0,37,0,16)	R(-0,19,-0,23,0,51)
17:17:25.511	L(-0,33,-0,37,0,17)	R(-0,18,-0,27,0,44)
17:17:26.539	L(-0,33,-0,37,0,17)	R(-0,19,-0,27,0,50)
17:17:27.566	L(-0,32,-0,37,0,18)	R(-0,19,-0,27,0,50)
17:17:28.594	L(-0,35,-0,30,0,28)	R(-0,07,-0,33,0,33)
17:17:29.622	L(-0,51,-0,20,0,33)	R(-0,04,-0,22,0,45)
17:17:30.649	L(-0,50,-0,27,0,47)	R(0,09,-0,32,0,32)
17:17:31.677	L(-0,44,-0,25,0,41)	R(0,01,-0,43,0,25)
17:17:32.704	L(-0,41,-0,28,0,43)	R(-0,01,-0,45,0,21)
17:17:33.732	L(-0,40,-0,28,0,43)	R(0,00,-0,45,0,21)
17:17:34.760	L(-0,47,-0,23,0,45)	R(0,00,-0,46,0,21)
17:17:35.787	L(-0,49,-0,27,0,47)	R(0,00,-0,47,0,19)
17:17:36.816	L(-0,39,-0,07,0,42)	R(0,03,-0,44,0,16)
17:17:37.844	L(-0,37,-0,06,0,44)	R(0,05,-0,43,0,16)
17:17:38.896	L(-0,46,-0,05,0,37)	R(-0,02,-0,37,0,24)
17:17:39.927	L(-0,52,-0,14,0,33)	R(0,11,-0,03,0,41)
17:17:40.954	L(-0,49,-0,26,0,37)	R(-0,01,-0,39,0,29)
17:17:41.981	L(-0,40,-0,28,0,41)	R(-0,05,-0,44,0,24)
17:17:43.008	L(-0,40,-0,28,0,41)	R(-0,04,-0,44,0,22)
17:17:44.037	L(-0,51,-0,27,0,48)	R(-0,03,-0,44,0,21)
17:17:45.064	L(-0,44,-0,26,0,42)	R(-0,03,-0,44,0,20)
17:17:46.093	L(-0,41,-0,28,0,42)	R(-0,03,-0,44,0,20)
17:17:47.120	L(-0,40,-0,28,0,42)	R(-0,02,-0,44,0,19)
17:17:48.148	L(-0,22,-0,41,0,14)	R(0,01,-0,33,0,27)
17:17:49.158	L(-0,11,-0,45,0,10)	R(0,20,-0,25,-0,07)
17:17:50.160	L(-0,24,-0,51,0,15)	R(0,16,-0,26,0,13)
17:17:51.175	L(-0,33,-0,33,0,15)	R(-0,10,-0,32,0,25)
17:17:52.175	L(-0,16,-0,43,0,13)	R(0,13,-0,25,0,15)
17:17:53.194	L(-0,15,-0,44,0,13)	R(0,33,-0,18,0,27)
17:17:54.203	L(-0,15,-0,44,0,14)	R(0,41,-0,17,0,30)
17:17:55.217	L(-0,14,-0,43,0,14)	R(0,38,-0,18,0,25)
17:17:56.238	L(-0,11,-0,39,0,11)	R(0,14,-0,18,-0,16)
17:17:57.243	L(-0,11,-0,40,0,16)	R(0,22,-0,32,0,00)
17:17:58.254	L(-0,01,-0,25,0,12)	R(0,17,-0,21,-0,12)
17:17:59.267	L(0,01,-0,28,0,19)	R(0,16,-0,28,0,05)
17:18:00.297	L(-0,16,-0,27,0,18)	R(0,03,-0,34,0,23)
17:18:01.327	L(-0,36,-0,30,0,18)	R(-0,22,-0,33,0,25)
17:18:02.356	L(-0,38,-0,31,0,16)	R(-0,31,-0,34,0,28)
17:18:03.383	L(-0,35,-0,32,0,18)	R(-0,16,-0,24,0,47)
17:18:04.409	L(-0,36,-0,33,0,19)	R(-0,19,-0,27,0,47)
17:18:05.438	L(-0,36,-0,33,0,18)	R(-0,19,-0,26,0,47)
17:18:06.466	L(-0,36,-0,32,0,18)	R(-0,19,-0,26,0,47)
17:18:07.494	L(-0,37,-0,31,0,16)	R(-0,20,-0,18,0,59)
17:18:08.521	L(-0,41,-0,34,0,16)	R(-0,33,-0,26,0,57)
17:18:09.549	L(-0,35,-0,35,0,16)	R(-0,15,-0,24,0,46)
17:18:10.578	L(-0,35,-0,35,0,16)	R(-0,18,-0,26,0,46)
17:18:11.604	L(-0,37,-0,36,0,17)	R(-0,31,-0,27,0,58)
17:18:12.632	L(-0,30,-0,36,0,17)	R(-0,14,-0,23,0,44)
17:18:13.660	L(-0,32,-0,36,0,15)	R(-0,18,-0,27,0,44)
17:18:14.688	L(-0,33,-0,35,0,16)	R(-0,12,-0,27,0,37)
17:18:15.698	L(-0,17,-0,37,0,17)	R(0,39,-0,17,0,31)
17:18:16.715	L(-0,21,-0,34,0,17)	R(0,11,-0,24,0,21)
17:18:17.743	L(-0,50,-0,23,0,51)	R(-0,01,-0,36,0,28)
17:18:18.771	L(-0,46,-0,27,0,46)	R(0,03,-0,37,0,27)
17:18:19.798	L(-0,31,-0,23,0,40)	R(0,06,-0,39,0,25)
17:18:20.826	L(-0,32,-0,27,0,41)	R(0,06,-0,40,0,26)
17:18:21.854	L(-0,43,-0,19,0,44)	R(0,07,-0,40,0,25)
17:18:22.881	L(-0,41,-0,20,0,40)	R(0,04,-0,39,0,23)
17:18:23.909	L(-0,33,-0,27,0,40)	R(0,06,-0,40,0,21)
17:18:24.937	L(-0,38,-0,23,0,41)	R(0,05,-0,40,0,21)
17:18:25.964	L(-0,42,-0,22,0,41)	R(0,01,-0,40,0,23)
17:18:26.992	L(-0,32,-0,28,0,38)	R(0,05,-0,41,0,22)
17:18:28.020	L(-0,52,-0,29,0,51)	R(0,01,-0,41,0,24)
17:18:29.048	L(-0,35,-0,22,0,35)	R(0,02,-0,41,0,22)
17:18:30.075	L(-0,32,-0,27,0,37)	R(0,04,-0,42,0,21)
17:18:31.102	L(-0,42,-0,39,0,13)	R(-0,22,-0,18,0,60)
17:18:32.130	L(-0,39,-0,43,0,15)	R(-0,21,-0,21,0,57)
17:18:33.159	L(-0,34,-0,41,0,13)	R(-0,15,-0,27,0,51)
17:18:34.186	L(-0,35,-0,40,0,12)	R(-0,19,-0,20,0,59)
17:18:35.213	L(-0,38,-0,42,0,16)	R(-0,25,-0,25,0,60)
17:18:36.241	L(-0,34,-0,42,0,15)	R(-0,16,-0,26,0,53)
17:18:37.269	L(-0,35,-0,41,0,14)	R(-0,16,-0,22,0,56)
17:18:38.297	L(-0,38,-0,43,0,15)	R(-0,21,-0,18,0,58)
17:18:39.324	L(-0,35,-0,44,0,12)	R(-0,14,-0,25,0,47)
17:18:40.352	L(-0,36,-0,43,0,11)	R(-0,14,-0,25,0,47)
17:18:41.381	L(-0,37,-0,43,0,14)	R(-0,33,-0,24,0,63)
17:18:42.407	L(-0,29,-0,43,0,16)	R(-0,09,-0,21,0,47)
17:18:43.435	L(-0,29,-0,44,0,11)	R(-0,13,-0,26,0,45)
17:18:44.463	L(-0,38,-0,28,0,15)	R(-0,06,-0,22,0,39)
17:18:45.490	L(-0,48,-0,30,0,47)	R(0,02,-0,40,0,27)
17:18:46.518	L(-0,37,-0,22,0,48)	R(0,07,-0,41,0,25)
17:18:47.558	L(-0,46,-0,24,0,49)	R(0,43,-0,16,0,31)
17:18:48.577	L(-0,38,-0,22,0,44)	R(0,05,-0,37,0,23)
17:18:49.601	L(-0,33,-0,28,0,46)	R(0,05,-0,43,0,24)
17:18:50.629	L(-0,31,-0,28,0,45)	R(0,04,-0,44,0,23)
17:18:51.657	L(-0,49,-0,28,0,48)	R(0,02,-0,46,0,22)
17:18:52.684	L(-0,31,-0,25,0,42)	R(0,04,-0,46,0,21)
17:18:53.713	L(-0,31,-0,27,0,43)	R(0,04,-0,46,0,20)
17:18:54.740	L(-0,47,-0,30,0,47)	R(0,02,-0,47,0,23)
17:18:55.768	L(-0,30,-0,28,0,41)	R(0,05,-0,48,0,21)
17:18:56.796	L(-0,30,-0,28,0,41)	R(0,05,-0,48,0,21)
17:18:57.823	L(-0,51,-0,28,0,51)	R(0,02,-0,46,0,21)
17:18:58.851	L(-0,31,-0,23,0,39)	R(0,03,-0,47,0,17)
17:18:59.879	L(-0,29,-0,28,0,38)	R(0,05,-0,48,0,16)
17:19:00.888	L(-0,15,-0,49,0,17)	R(0,14,-0,38,0,21)
17:19:01.913	L(-0,12,-0,51,0,17)	R(0,09,-0,39,0,17)
17:19:02.918	L(-0,13,-0,45,0,15)	R(-0,04,-0,42,0,14)
17:19:03.930	L(-0,03,-0,45,0,14)	R(0,05,-0,43,0,05)
17:19:04.946	L(-0,21,-0,37,0,08)	R(-0,15,-0,43,0,14)
17:19:05.957	L(-0,24,-0,37,0,08)	R(-0,13,-0,42,0,14)
17:19:06.990	L(-0,17,-0,39,0,11)	R(-0,07,-0,43,0,14)
17:19:08.018	L(-0,13,-0,39,0,15)	R(-0,05,-0,43,0,16)
17:19:09.027	L(-0,04,-0,30,0,20)	R(0,13,-0,36,0,10)
17:19:10.040	L(0,01,-0,38,0,15)	R(0,17,-0,36,-0,13)
17:19:11.062	L(-0,25,-0,44,0,16)	R(-0,16,-0,19,0,63)
17:19:12.077	L(-0,30,-0,47,0,16)	R(-0,33,-0,28,0,58)
17:19:13.077	L(-0,17,-0,45,0,14)	R(0,08,-0,23,0,44)
17:19:14.084	L(-0,13,-0,42,0,15)	R(0,09,-0,23,0,42)
17:19:15.140	L(-0,23,-0,45,0,15)	R(-0,05,-0,24,0,51)
17:19:16.142	L(-0,26,-0,48,0,13)	R(-0,08,-0,21,0,56)
17:19:17.179	L(-0,25,-0,49,0,12)	R(-0,09,-0,23,0,53)
17:19:18.211	L(-0,24,-0,49,0,10)	R(-0,11,-0,27,0,52)
17:19:19.238	L(-0,25,-0,49,0,11)	R(-0,12,-0,27,0,52)
17:19:20.266	L(-0,31,-0,50,0,14)	R(-0,32,-0,27,0,59)
17:19:21.293	L(-0,24,-0,49,0,11)	R(-0,06,-0,23,0,50)
17:19:22.321	L(-0,24,-0,50,0,08)	R(-0,10,-0,27,0,49)
17:19:23.349	L(-0,24,-0,51,0,09)	R(-0,11,-0,27,0,50)
17:19:24.377	L(-0,24,-0,50,0,12)	R(-0,08,-0,26,0,49)
17:19:25.404	L(-0,24,-0,50,0,12)	R(-0,06,-0,24,0,50)
17:19:26.432	L(-0,25,-0,51,0,12)	R(-0,12,-0,27,0,53)
17:19:27.459	L(-0,25,-0,51,0,12)	R(-0,09,-0,27,0,50)
17:19:28.488	L(-0,24,-0,50,0,12)	R(-0,08,-0,25,0,48)
17:19:29.514	L(-0,25,-0,51,0,12)	R(-0,11,-0,27,0,50)
17:19:30.543	L(-0,24,-0,51,0,12)	R(-0,11,-0,27,0,50)
17:19:31.571	L(-0,32,-0,51,0,15)	R(-0,30,-0,26,0,60)
17:19:32.598	L(-0,32,-0,51,0,16)	R(-0,33,-0,26,0,58)
17:19:33.626	L(-0,25,-0,51,0,12)	R(-0,08,-0,23,0,49)
17:19:34.653	L(-0,24,-0,51,0,12)	R(-0,10,-0,26,0,48)
17:19:35.681	L(-0,24,-0,51,0,12)	R(-0,10,-0,26,0,48)
17:19:36.709	L(-0,34,-0,52,0,16)	R(-0,34,-0,27,0,58)
17:19:37.737	L(-0,26,-0,51,0,11)	R(-0,08,-0,21,0,45)
17:19:38.764	L(-0,26,-0,52,0,08)	R(-0,10,-0,26,0,45)
17:19:39.792	L(-0,49,-0,21,0,46)	R(-0,08,-0,46,0,19)
17:19:40.795	L(-0,38,-0,21,0,18)	R(0,46,-0,16,0,28)
17:19:41.797	L(-0,48,-0,15,0,30)	R(0,08,-0,42,0,21)
17:19:42.834	L(-0,48,-0,28,0,47)	R(0,09,-0,49,0,22)
17:19:43.861	L(-0,29,-0,27,0,48)	R(0,12,-0,52,0,20)
17:19:44.889	L(-0,30,-0,27,0,48)	R(0,11,-0,51,0,20)
17:19:45.917	L(-0,41,-0,20,0,46)	R(0,08,-0,50,0,23)
17:19:46.944	L(-0,28,-0,27,0,45)	R(0,11,-0,51,0,19)
17:19:47.973	L(-0,27,-0,28,0,45)	R(0,10,-0,52,0,19)
17:19:49.000	L(-0,47,-0,30,0,47)	R(0,06,-0,51,0,22)
17:19:50.028	L(-0,27,-0,27,0,43)	R(0,07,-0,52,0,18)
17:19:51.055	L(-0,26,-0,28,0,42)	R(0,08,-0,52,0,19)
17:19:52.082	L(-0,50,-0,29,0,51)	R(0,04,-0,51,0,21)
17:19:53.111	L(-0,29,-0,26,0,38)	R(0,03,-0,52,0,17)
17:19:54.139	L(-0,28,-0,28,0,36)	R(0,04,-0,52,0,16)
17:19:55.163	L(-0,13,-0,49,0,16)	R(0,45,-0,19,0,34)
17:19:56.206	L(-0,33,-0,52,0,16)	R(-0,38,-0,20,0,63)
17:19:57.235	L(-0,24,-0,51,0,16)	R(-0,11,-0,21,0,54)
17:19:58.264	L(-0,19,-0,53,0,16)	R(-0,04,-0,21,0,52)
17:19:59.318	L(-0,20,-0,54,0,14)	R(-0,08,-0,27,0,53)
17:20:00.346	L(-0,15,-0,50,0,18)	R(0,03,-0,26,0,42)
17:20:01.356	L(-0,05,-0,40,0,14)	R(0,26,-0,29,-0,09)
17:20:02.378	L(-0,23,-0,51,0,16)	R(0,06,-0,29,0,39)
17:20:03.415	L(-0,31,-0,58,0,17)	R(-0,32,-0,27,0,58)
17:20:04.443	L(-0,20,-0,57,0,12)	R(-0,05,-0,24,0,50)
17:20:05.471	L(-0,19,-0,56,0,11)	R(-0,07,-0,27,0,50)
17:20:06.498	L(-0,20,-0,56,0,12)	R(-0,05,-0,21,0,53)
17:20:07.526	L(-0,29,-0,57,0,16)	R(-0,28,-0,25,0,60)
17:20:08.554	L(-0,21,-0,56,0,12)	R(-0,06,-0,25,0,47)
17:20:09.581	L(-0,21,-0,56,0,12)	R(-0,07,-0,27,0,48)
17:20:10.609	L(-0,28,-0,56,0,15)	R(-0,29,-0,19,0,62)
17:20:11.636	L(-0,23,-0,57,0,15)	R(-0,05,-0,18,0,49)
17:20:12.637	L(-0,11,-0,51,0,12)	R(0,07,-0,24,0,41)
17:20:13.689	L(-0,17,-0,52,0,11)	R(-0,03,-0,24,0,44)
17:20:14.734	L(-0,17,-0,53,0,14)	R(-0,06,-0,27,0,45)
17:20:15.761	L(-0,17,-0,53,0,14)	R(-0,06,-0,27,0,45)
17:20:16.767	L(-0,10,-0,54,0,17)	R(0,22,-0,22,0,25)
17:20:17.771	L(-0,08,-0,53,0,16)	R(0,43,-0,19,0,28)
17:20:18.773	L(-0,16,-0,38,0,23)	R(0,02,-0,48,0,20)
17:20:19.775	L(-0,51,-0,26,0,50)	R(-0,03,-0,50,0,24)
17:20:20.802	L(-0,27,-0,21,0,47)	R(-0,01,-0,51,0,20)
17:20:21.831	L(-0,24,-0,27,0,48)	R(0,01,-0,53,0,19)
17:20:22.859	L(-0,29,-0,25,0,47)	R(0,01,-0,53,0,20)
17:20:23.885	L(-0,46,-0,29,0,46)	R(-0,02,-0,53,0,21)
17:20:24.914	L(-0,23,-0,26,0,45)	R(0,02,-0,54,0,18)
17:20:25.943	L(-0,23,-0,28,0,45)	R(0,02,-0,54,0,19)
17:20:26.969	L(-0,49,-0,27,0,50)	R(-0,01,-0,54,0,21)
17:20:27.997	L(-0,37,-0,22,0,42)	R(-0,03,-0,54,0,19)
17:20:29.023	L(-0,06,-0,25,0,30)	R(0,27,-0,38,0,12)
17:20:30.048	L(-0,09,-0,24,0,32)	R(0,29,-0,30,0,13)
17:20:31.072	L(-0,14,-0,22,0,32)	R(0,20,-0,14,0,24)
17:20:32.105	L(-0,22,-0,21,0,40)	R(0,03,-0,52,0,20)
17:20:33.135	L(-0,21,-0,28,0,43)	R(0,00,-0,53,0,17)
17:20:34.163	L(-0,22,-0,28,0,42)	R(0,00,-0,53,0,17)
17:20:35.190	L(-0,49,-0,30,0,46)	R(-0,09,-0,53,0,19)
17:20:36.219	L(-0,24,-0,26,0,41)	R(-0,04,-0,53,0,16)
17:20:37.247	L(-0,22,-0,28,0,42)	R(-0,03,-0,53,0,16)
17:20:38.274	L(-0,12,-0,58,0,17)	R(0,41,-0,16,0,34)
17:20:39.275	L(-0,30,-0,66,0,16)	R(-0,03,-0,09,0,49)
17:20:40.314	L(-0,39,-0,70,0,12)	R(-0,27,-0,17,0,56)
17:20:41.343	L(-0,28,-0,68,0,12)	R(-0,03,-0,26,0,54)
17:20:42.370	L(-0,27,-0,68,0,12)	R(-0,03,-0,25,0,54)
17:20:43.405	L(-0,37,-0,69,0,11)	R(-0,34,-0,17,0,62)
17:20:44.424	L(-0,33,-0,70,0,13)	R(-0,08,-0,16,0,51)
17:20:45.453	L(-0,30,-0,69,0,11)	R(-0,03,-0,27,0,50)
17:20:46.481	L(-0,36,-0,70,0,14)	R(-0,33,-0,22,0,61)
17:20:47.508	L(-0,34,-0,70,0,12)	R(-0,08,-0,15,0,52)
17:20:48.536	L(-0,30,-0,70,0,12)	R(-0,02,-0,26,0,49)
17:20:49.564	L(-0,31,-0,71,0,13)	R(0,00,-0,23,0,52)
17:20:50.592	L(-0,38,-0,72,0,16)	R(-0,35,-0,25,0,57)
17:20:51.602	L(-0,12,-0,74,0,22)	R(0,15,-0,23,0,39)
17:20:52.635	L(-0,34,-0,77,0,08)	R(-0,01,-0,28,0,46)
17:20:53.688	L(-0,32,-0,76,0,11)	R(0,01,-0,45,0,27)
17:20:54.689	L(-0,29,-0,77,0,16)	R(0,46,-0,19,0,32)
17:20:55.702	L(-0,19,-0,71,0,20)	R(-0,06,-0,58,0,13)
17:20:56.713	L(-0,04,-0,72,0,29)	R(0,18,-0,24,-0,24)
17:20:57.733	L(-0,21,-0,24,0,21)	R(0,09,-0,32,0,24)
17:20:58.744	L(-0,19,-0,33,0,16)	R(-0,02,-0,39,0,21)
17:20:59.783	L(-0,21,-0,36,0,15)	R(-0,05,-0,41,0,19)
17:21:00.814	L(-0,18,-0,38,0,14)	R(-0,04,-0,41,0,18)
17:21:01.823	L(-0,16,-0,39,0,16)	R(-0,04,-0,42,0,20)
17:21:02.838	L(-0,15,-0,39,0,16)	R(-0,05,-0,42,0,22)
17:21:03.847	L(-0,20,-0,31,0,16)	R(0,05,-0,32,0,23)
17:21:04.859	L(-0,31,-0,20,0,20)	R(0,15,-0,22,0,13)
17:21:05.889	L(-0,18,-0,26,0,16)	R(0,23,-0,33,0,15)
17:21:06.909	L(-0,09,-0,47,0,12)	R(0,28,-0,33,0,28)
17:21:07.933	L(-0,11,-0,47,0,14)	R(0,09,-0,50,0,20)
17:21:08.935	L(-0,14,-0,45,0,12)	R(0,00,-0,49,0,20)
17:21:09.959	L(-0,09,-0,45,0,13)	R(0,27,-0,20,0,20)
17:21:10.997	L(-0,13,-0,45,0,14)	R(0,03,-0,45,0,21)
17:21:12.019	L(-0,27,-0,47,0,10)	R(-0,38,-0,31,0,31)
17:21:13.062	L(-0,29,-0,48,0,11)	R(-0,24,-0,15,0,29)
17:21:14.104	L(-0,28,-0,48,0,13)	R(-0,18,-0,28,0,37)
17:21:15.153	L(-0,27,-0,48,0,14)	R(-0,19,-0,31,0,37)
17:21:16.200	L(-0,22,-0,46,0,16)	R(-0,10,-0,50,0,16)
17:21:17.204	L(-0,19,-0,43,0,15)	R(-0,01,-0,41,0,26)
17:21:18.226	L(-0,09,-0,44,0,16)	R(0,22,-0,28,0,16)
17:21:19.231	L(-0,11,-0,47,0,15)	R(0,20,-0,48,0,20)
17:21:20.257	L(-0,17,-0,45,0,16)	R(0,02,-0,43,0,27)
17:21:21.283	L(-0,20,-0,46,0,14)	R(0,07,-0,27,0,46)
17:21:22.325	L(-0,25,-0,47,0,16)	R(0,04,-0,26,0,45)
17:21:23.367	L(-0,21,-0,46,0,17)	R(0,05,-0,26,0,36)
17:21:24.396	L(-0,12,-0,47,0,16)	R(0,12,-0,11,0,39)
17:21:25.422	L(-0,22,-0,47,0,15)	R(-0,10,-0,17,0,34)
17:21:26.464	L(-0,29,-0,50,0,15)	R(-0,27,-0,28,0,34)
17:21:27.505	L(-0,29,-0,50,0,16)	R(-0,27,-0,28,0,35)
17:21:28.547	L(-0,29,-0,49,0,16)	R(-0,27,-0,29,0,35)
17:21:29.589	L(-0,24,-0,50,0,16)	R(0,03,-0,31,0,49)
17:21:30.630	L(-0,24,-0,49,0,17)	R(-0,17,-0,25,0,35)
17:21:31.673	L(-0,26,-0,50,0,18)	R(-0,22,-0,28,0,36)
17:21:32.713	L(-0,25,-0,49,0,17)	R(-0,22,-0,28,0,36)
17:21:33.755	L(-0,26,-0,49,0,17)	R(-0,23,-0,28,0,35)
17:21:34.797	L(-0,23,-0,49,0,17)	R(0,04,-0,30,0,51)
17:21:35.838	L(-0,22,-0,49,0,16)	R(0,00,-0,26,0,46)
17:21:36.859	L(-0,22,-0,47,0,16)	R(-0,06,-0,21,0,38)
17:21:37.886	L(-0,19,-0,47,0,16)	R(-0,06,-0,21,0,37)
17:21:38.922	L(-0,20,-0,47,0,15)	R(-0,09,-0,22,0,36)
17:21:39.963	L(-0,22,-0,48,0,17)	R(-0,19,-0,28,0,37)
17:21:41.004	L(-0,21,-0,49,0,18)	R(-0,17,-0,28,0,33)
17:21:42.008	L(-0,18,-0,47,0,16)	R(0,00,-0,27,0,47)
17:21:43.046	L(-0,21,-0,47,0,15)	R(-0,04,-0,23,0,42)
17:21:44.088	L(-0,24,-0,49,0,16)	R(-0,15,-0,28,0,38)
17:21:45.129	L(-0,24,-0,49,0,16)	R(-0,07,-0,26,0,38)
17:21:46.171	L(-0,22,-0,48,0,17)	R(0,00,-0,28,0,47)
17:21:47.213	L(-0,24,-0,49,0,16)	R(-0,11,-0,30,0,40)
17:21:48.254	L(-0,23,-0,46,0,18)	R(-0,06,-0,34,0,29)
17:21:49.296	L(-0,12,-0,44,0,21)	R(0,10,-0,38,0,22)
17:21:50.307	L(0,13,-0,27,0,21)	R(0,31,-0,29,-0,06)
17:21:51.321	L(-0,20,-0,20,0,25)	R(0,09,-0,32,0,27)
17:21:52.365	L(-0,32,-0,30,0,33)	R(-0,06,-0,44,0,19)
17:21:53.393	L(-0,32,-0,31,0,35)	R(-0,06,-0,45,0,20)
17:21:54.438	L(-0,31,-0,29,0,35)	R(-0,05,-0,45,0,20)
17:21:55.479	L(-0,27,-0,06,0,35)	R(-0,06,-0,47,0,20)
17:21:56.490	L(-0,18,-0,19,0,36)	R(0,02,-0,50,0,21)
17:21:57.531	L(-0,18,-0,50,0,17)	R(0,08,-0,20,0,42)
17:21:58.571	L(-0,24,-0,53,0,19)	R(0,05,-0,28,0,50)
17:21:59.614	L(-0,24,-0,53,0,17)	R(0,03,-0,28,0,51)
17:22:00.655	L(-0,24,-0,53,0,20)	R(-0,18,-0,19,0,38)
17:22:01.697	L(-0,28,-0,55,0,22)	R(-0,26,-0,26,0,35)
17:22:02.752	L(-0,27,-0,54,0,23)	R(-0,07,-0,25,0,37)
17:22:03.752	L(-0,23,-0,54,0,21)	R(-0,03,-0,22,0,43)
17:22:04.794	L(-0,27,-0,54,0,20)	R(-0,21,-0,26,0,37)
17:22:05.850	L(-0,26,-0,53,0,21)	R(-0,21,-0,28,0,38)
17:22:06.891	L(-0,24,-0,54,0,21)	R(0,03,-0,30,0,53)
17:22:07.932	L(-0,24,-0,53,0,20)	R(-0,12,-0,22,0,40)
17:22:08.975	L(-0,25,-0,53,0,20)	R(-0,16,-0,26,0,39)
17:22:10.018	L(-0,23,-0,53,0,20)	R(-0,15,-0,25,0,39)
17:22:11.044	L(-0,22,-0,53,0,21)	R(-0,14,-0,26,0,40)
17:22:12.085	L(-0,22,-0,53,0,22)	R(-0,12,-0,26,0,40)
17:22:13.140	L(-0,22,-0,54,0,22)	R(-0,12,-0,27,0,40)
17:22:14.140	L(-0,22,-0,54,0,22)	R(-0,18,-0,27,0,37)
17:22:15.140	L(-0,23,-0,54,0,22)	R(-0,16,-0,21,0,38)
17:22:16.183	L(-0,23,-0,54,0,23)	R(-0,17,-0,21,0,38)
17:22:17.237	L(-0,24,-0,53,0,22)	R(-0,14,-0,23,0,35)
17:22:18.241	L(-0,24,-0,51,0,20)	R(-0,12,-0,16,0,38)
17:22:19.255	L(-0,29,-0,52,0,11)	R(-0,19,-0,31,0,42)
17:22:20.281	L(-0,24,-0,51,0,22)	R(-0,08,-0,29,0,44)
17:22:21.309	L(-0,24,-0,51,0,21)	R(-0,09,-0,16,0,44)
17:22:22.337	L(-0,24,-0,51,0,20)	R(-0,10,-0,28,0,44)
17:22:23.364	L(-0,26,-0,52,0,18)	R(-0,13,-0,31,0,34)
17:22:24.392	L(-0,21,-0,44,0,47)	R(0,03,-0,28,0,23)
17:22:25.420	L(-0,26,-0,34,0,42)	R(0,05,-0,28,0,29)
17:22:26.448	L(-0,15,-0,41,0,39)	R(0,10,-0,37,0,25)
17:22:27.476	L(-0,23,-0,39,0,40)	R(0,08,-0,50,0,19)
17:22:28.480	L(-0,21,-0,33,0,40)	R(0,09,-0,51,0,19)
17:22:29.530	L(-0,27,-0,40,0,42)	R(0,08,-0,51,0,19)
17:22:30.559	L(-0,33,-0,11,0,38)	R(0,00,-0,37,0,25)
17:22:31.601	L(-0,39,-0,13,0,39)	R(-0,05,-0,31,0,32)
17:22:32.615	L(-0,37,-0,19,0,38)	R(-0,06,-0,23,0,35)
17:22:33.630	L(-0,31,-0,18,0,39)	R(-0,05,-0,21,0,36)
17:22:34.643	L(-0,26,-0,11,0,38)	R(-0,02,-0,21,0,35)
17:22:35.656	L(-0,22,-0,10,0,34)	R(0,00,-0,19,0,33)
17:22:36.670	L(-0,19,-0,32,0,38)	R(-0,02,-0,25,0,35)
17:22:37.722	L(-0,18,-0,34,0,34)	R(-0,02,-0,27,0,34)
17:22:38.742	L(-0,22,-0,54,0,17)	R(-0,13,-0,18,0,32)
17:22:39.751	L(-0,26,-0,54,0,16)	R(-0,19,-0,20,0,33)
17:22:40.785	L(-0,24,-0,52,0,16)	R(-0,18,-0,19,0,34)
17:22:41.789	L(-0,18,-0,48,0,18)	R(-0,13,-0,18,0,32)
17:22:42.847	L(-0,25,-0,50,0,17)	R(-0,19,-0,18,0,33)
17:22:43.902	L(-0,26,-0,53,0,17)	R(-0,23,-0,24,0,33)
17:22:44.943	L(-0,26,-0,52,0,18)	R(-0,24,-0,26,0,34)
17:22:45.985	L(-0,25,-0,52,0,18)	R(-0,24,-0,26,0,34)
17:22:47.027	L(-0,26,-0,51,0,19)	R(-0,09,-0,21,0,34)
17:22:48.069	L(-0,23,-0,51,0,21)	R(-0,05,-0,23,0,41)
17:22:49.110	L(-0,26,-0,52,0,20)	R(-0,21,-0,26,0,35)
17:22:50.152	L(-0,25,-0,52,0,20)	R(-0,20,-0,27,0,35)
17:22:51.207	L(-0,24,-0,52,0,21)	R(-0,16,-0,27,0,34)
17:22:52.208	L(-0,22,-0,52,0,22)	R(0,02,-0,31,0,50)
17:22:53.249	L(-0,22,-0,52,0,21)	R(-0,06,-0,21,0,40)
17:22:54.290	L(-0,23,-0,52,0,20)	R(-0,17,-0,26,0,36)
17:22:55.332	L(-0,22,-0,52,0,21)	R(-0,17,-0,27,0,37)
17:22:56.388	L(-0,22,-0,51,0,21)	R(0,02,-0,31,0,56)
17:22:57.429	L(-0,23,-0,52,0,21)	R(-0,08,-0,23,0,41)
17:22:58.430	L(-0,23,-0,52,0,21)	R(-0,13,-0,28,0,38)
17:22:59.470	L(-0,21,-0,51,0,22)	R(-0,10,-0,28,0,32)
17:23:00.515	L(-0,08,-0,37,0,21)	R(0,07,-0,28,0,21)
17:23:01.541	L(-0,06,-0,35,0,21)	R(0,07,-0,25,0,25)
17:23:02.581	L(-0,15,-0,36,0,19)	R(0,03,-0,25,0,33)
17:23:03.623	L(-0,23,-0,47,0,20)	R(-0,14,-0,25,0,66)
17:23:04.665	L(-0,19,-0,46,0,19)	R(-0,03,-0,23,0,62)
17:23:05.675	L(-0,14,-0,45,0,18)	R(0,15,-0,23,0,45)
17:23:06.694	L(-0,16,-0,45,0,17)	R(0,08,-0,23,0,47)
17:23:07.721	L(-0,18,-0,45,0,15)	R(0,03,-0,22,0,49)
17:23:08.763	L(-0,12,-0,45,0,14)	R(0,37,-0,29,0,33)
17:23:09.791	L(-0,14,-0,44,0,15)	R(0,10,-0,33,0,33)
17:23:10.792	L(-0,17,-0,44,0,14)	R(0,03,-0,28,0,38)
17:23:11.831	L(-0,17,-0,44,0,15)	R(0,04,-0,29,0,39)
17:23:12.859	L(-0,11,-0,44,0,14)	R(0,18,-0,30,0,32)
17:23:13.888	L(-0,12,-0,44,0,14)	R(0,28,-0,34,0,35)
17:23:14.916	L(-0,13,-0,44,0,16)	R(0,23,-0,32,0,34)
17:23:15.943	L(-0,12,-0,44,0,16)	R(0,23,-0,32,0,34)
17:23:16.971	L(-0,11,-0,43,0,17)	R(0,25,-0,31,0,34)
17:23:17.999	L(-0,09,-0,44,0,17)	R(0,40,-0,30,0,39)
17:23:19.026	L(-0,11,-0,44,0,17)	R(0,18,-0,36,0,35)
17:23:20.054	L(-0,11,-0,44,0,16)	R(0,34,-0,29,0,32)
17:23:21.081	L(-0,13,-0,44,0,16)	R(0,15,-0,33,0,31)
17:23:22.109	L(-0,15,-0,44,0,16)	R(0,11,-0,31,0,36)
17:23:23.136	L(-0,17,-0,44,0,16)	R(0,06,-0,24,0,44)
17:23:24.178	L(-0,11,-0,44,0,17)	R(0,24,-0,31,0,33)
17:23:25.205	L(-0,11,-0,45,0,18)	R(0,24,-0,35,0,31)
17:23:26.233	L(-0,15,-0,44,0,17)	R(0,09,-0,31,0,37)
17:23:27.275	L(-0,25,-0,46,0,18)	R(-0,18,-0,27,0,64)
17:23:28.316	L(-0,25,-0,45,0,17)	R(-0,15,-0,10,0,50)
17:23:29.343	L(-0,25,-0,46,0,18)	R(-0,19,-0,12,0,43)
17:23:30.386	L(-0,26,-0,46,0,18)	R(-0,20,-0,18,0,41)
17:23:31.428	L(-0,25,-0,46,0,19)	R(-0,20,-0,21,0,41)
17:23:32.482	L(-0,25,-0,46,0,19)	R(-0,19,-0,20,0,38)
17:23:33.524	L(-0,25,-0,47,0,18)	R(-0,19,-0,22,0,36)
17:23:34.567	L(-0,24,-0,47,0,19)	R(-0,18,-0,22,0,35)
17:23:35.608	L(-0,24,-0,47,0,19)	R(-0,16,-0,21,0,35)
17:23:36.649	L(-0,24,-0,47,0,20)	R(-0,16,-0,21,0,37)
17:23:37.691	L(-0,24,-0,47,0,20)	R(-0,18,-0,22,0,38)
17:23:38.732	L(-0,25,-0,47,0,21)	R(-0,19,-0,22,0,41)
17:23:39.773	L(-0,24,-0,47,0,21)	R(-0,17,-0,22,0,41)
17:23:40.815	L(-0,24,-0,48,0,21)	R(-0,16,-0,21,0,41)
17:23:41.857	L(-0,24,-0,48,0,21)	R(-0,17,-0,22,0,39)
17:23:42.898	L(-0,24,-0,48,0,20)	R(-0,17,-0,21,0,38)
17:23:43.940	L(-0,24,-0,48,0,20)	R(-0,15,-0,22,0,39)
17:23:44.981	L(-0,23,-0,48,0,20)	R(-0,14,-0,22,0,37)
17:23:46.023	L(-0,23,-0,48,0,19)	R(-0,15,-0,20,0,36)
17:23:47.064	L(-0,24,-0,48,0,18)	R(-0,16,-0,21,0,35)
17:23:48.107	L(-0,24,-0,48,0,17)	R(-0,14,-0,21,0,34)
17:23:49.151	L(-0,23,-0,48,0,18)	R(-0,13,-0,20,0,35)
17:23:50.189	L(-0,24,-0,49,0,18)	R(-0,15,-0,21,0,41)
17:23:51.231	L(-0,24,-0,49,0,18)	R(-0,14,-0,20,0,40)
17:23:52.272	L(-0,24,-0,49,0,18)	R(-0,13,-0,20,0,40)
17:23:53.314	L(-0,23,-0,49,0,18)	R(-0,14,-0,21,0,38)
17:23:54.356	L(-0,23,-0,49,0,19)	R(-0,12,-0,21,0,39)
17:23:55.397	L(-0,22,-0,49,0,19)	R(-0,11,-0,22,0,37)
17:23:56.439	L(-0,22,-0,49,0,18)	R(-0,11,-0,22,0,35)
17:23:57.480	L(-0,22,-0,49,0,18)	R(-0,12,-0,22,0,35)
17:23:58.522	L(-0,22,-0,49,0,20)	R(-0,11,-0,21,0,43)
17:23:59.577	L(-0,21,-0,50,0,21)	R(-0,11,-0,22,0,42)
17:24:00.632	L(-0,21,-0,50,0,21)	R(-0,10,-0,22,0,42)
17:24:01.688	L(-0,21,-0,51,0,20)	R(-0,10,-0,23,0,40)
17:24:02.688	L(-0,21,-0,50,0,19)	R(-0,10,-0,21,0,39)
17:24:03.742	L(-0,21,-0,50,0,20)	R(-0,09,-0,22,0,40)
17:24:04.742	L(-0,21,-0,50,0,20)	R(-0,10,-0,22,0,38)
17:24:05.799	L(-0,21,-0,50,0,19)	R(-0,09,-0,21,0,38)
17:24:06.854	L(-0,21,-0,50,0,19)	R(-0,08,-0,19,0,36)
17:24:07.895	L(-0,21,-0,50,0,19)	R(-0,08,-0,20,0,36)
17:24:08.951	L(-0,21,-0,50,0,19)	R(-0,07,-0,22,0,36)
17:24:10.006	L(-0,23,-0,37,0,26)	R(0,03,-0,23,0,32)
17:24:11.048	L(-0,25,-0,32,0,35)	R(0,09,-0,29,0,33)
17:24:12.094	L(-0,26,-0,33,0,33)	R(0,08,-0,29,0,32)
17:24:13.134	L(-0,31,-0,09,0,34)	R(0,09,-0,29,0,33)
17:24:14.148	L(-0,29,-0,05,0,33)	R(0,09,-0,30,0,33)
17:24:15.160	L(-0,27,-0,25,0,26)	R(0,06,-0,29,0,31)
17:24:16.200	L(-0,29,-0,57,0,21)	R(-0,20,-0,12,0,42)
17:24:17.256	L(-0,31,-0,58,0,21)	R(-0,23,-0,15,0,43)
17:24:18.256	L(-0,31,-0,58,0,21)	R(-0,23,-0,14,0,42)
17:24:19.256	L(-0,30,-0,58,0,20)	R(-0,22,-0,14,0,40)
17:24:20.298	L(-0,30,-0,59,0,20)	R(-0,22,-0,15,0,39)
17:24:21.340	L(-0,29,-0,58,0,19)	R(-0,22,-0,16,0,38)
17:24:22.381	L(-0,29,-0,58,0,18)	R(-0,22,-0,16,0,37)
17:24:23.393	L(-0,15,-0,55,0,20)	R(0,13,-0,15,0,17)
17:24:24.418	L(-0,21,-0,63,0,22)	R(0,01,-0,15,0,31)
17:24:25.434	L(-0,33,-0,63,0,20)	R(-0,21,-0,16,0,43)
17:24:26.436	L(-0,32,-0,64,0,20)	R(-0,20,-0,15,0,42)
17:24:27.491	L(-0,31,-0,63,0,19)	R(-0,21,-0,15,0,39)
17:24:28.491	L(-0,29,-0,63,0,19)	R(-0,20,-0,16,0,38)
17:24:29.533	L(-0,29,-0,62,0,19)	R(-0,19,-0,15,0,37)
17:24:30.575	L(-0,29,-0,62,0,19)	R(-0,19,-0,16,0,39)
17:24:31.616	L(-0,30,-0,62,0,19)	R(-0,19,-0,17,0,38)
17:24:32.658	L(-0,30,-0,62,0,19)	R(-0,21,-0,15,0,42)
17:24:33.699	L(-0,31,-0,62,0,19)	R(-0,20,-0,17,0,42)
17:24:34.755	L(-0,30,-0,62,0,19)	R(-0,18,-0,17,0,41)
17:24:35.797	L(-0,29,-0,62,0,19)	R(-0,18,-0,17,0,40)
17:24:36.838	L(-0,29,-0,62,0,20)	R(-0,18,-0,16,0,41)
17:24:37.880	L(-0,29,-0,61,0,20)	R(-0,18,-0,16,0,40)
17:24:38.880	L(-0,28,-0,61,0,19)	R(-0,17,-0,19,0,37)
17:24:39.922	L(-0,27,-0,61,0,19)	R(-0,16,-0,19,0,37)
17:24:40.962	L(-0,27,-0,61,0,19)	R(-0,14,-0,19,0,38)
17:24:42.004	L(-0,27,-0,61,0,20)	R(-0,14,-0,19,0,39)
17:24:43.046	L(-0,27,-0,61,0,20)	R(-0,16,-0,19,0,39)
17:24:44.101	L(-0,28,-0,61,0,21)	R(-0,16,-0,18,0,40)
17:24:45.157	L(-0,28,-0,61,0,22)	R(-0,16,-0,18,0,41)
17:24:46.198	L(-0,27,-0,61,0,22)	R(-0,15,-0,18,0,41)
17:24:47.253	L(-0,28,-0,61,0,22)	R(-0,17,-0,18,0,43)
17:24:48.308	L(-0,28,-0,61,0,21)	R(-0,15,-0,15,0,42)
17:24:49.309	L(-0,28,-0,61,0,21)	R(-0,14,-0,19,0,42)
17:24:50.364	L(-0,28,-0,61,0,21)	R(-0,13,-0,18,0,40)
17:24:51.420	L(-0,27,-0,61,0,20)	R(-0,13,-0,18,0,38)
17:24:52.420	L(-0,26,-0,61,0,19)	R(-0,11,-0,18,0,37)
17:24:53.475	L(-0,25,-0,61,0,21)	R(-0,10,-0,18,0,38)
17:24:54.475	L(-0,25,-0,61,0,22)	R(-0,10,-0,17,0,40)
17:24:55.530	L(-0,25,-0,61,0,23)	R(-0,11,-0,17,0,42)
17:24:56.530	L(-0,25,-0,61,0,23)	R(-0,10,-0,17,0,42)
17:24:57.585	L(-0,25,-0,61,0,22)	R(-0,09,-0,18,0,41)
17:24:58.586	L(-0,25,-0,61,0,21)	R(-0,10,-0,18,0,39)
17:24:59.586	L(-0,25,-0,61,0,21)	R(-0,10,-0,18,0,38)
17:25:00.642	L(-0,25,-0,61,0,20)	R(-0,09,-0,20,0,37)
17:25:01.642	L(-0,23,-0,61,0,20)	R(0,12,-0,28,0,48)
17:25:02.683	L(-0,15,-0,50,0,23)	R(0,03,-0,38,0,29)
17:25:03.684	L(-0,17,-0,42,0,17)	R(-0,06,-0,40,0,22)
17:25:04.727	L(-0,12,-0,40,0,15)	R(-0,01,-0,39,0,17)
17:25:05.741	L(-0,09,-0,43,0,16)	R(0,03,-0,41,0,14)
17:25:06.749	L(-0,08,-0,42,0,18)	R(0,02,-0,43,0,15)
17:25:07.779	L(-0,26,-0,33,0,36)	R(-0,03,-0,43,0,21)
17:25:08.784	L(-0,25,-0,33,0,39)	R(-0,02,-0,44,0,21)
17:25:09.839	L(-0,26,-0,16,0,36)	R(-0,03,-0,44,0,21)
17:25:10.839	L(-0,19,-0,21,0,33)	R(0,01,-0,47,0,20)
17:25:11.880	L(-0,19,-0,21,0,35)	R(0,01,-0,47,0,19)
17:25:12.918	L(-0,19,-0,48,0,17)	R(-0,02,-0,47,0,22)
17:25:13.959	L(-0,23,-0,50,0,20)	R(-0,11,-0,45,0,24)
17:25:14.960	L(-0,18,-0,49,0,20)	R(-0,04,-0,45,0,22)
17:25:16.001	L(-0,23,-0,46,0,21)	R(-0,08,-0,43,0,24)
17:25:17.004	L(-0,16,-0,44,0,23)	R(0,09,-0,36,0,20)
17:25:18.012	L(-0,16,-0,40,0,23)	R(0,00,-0,42,0,24)
17:25:19.013	L(-0,29,-0,42,0,09)	R(-0,23,-0,46,0,19)
17:25:20.014	L(-0,30,-0,40,0,08)	R(-0,23,-0,45,0,19)
17:25:21.046	L(-0,46,-0,34,0,19)	R(-0,20,-0,47,0,22)
17:25:22.084	L(-0,42,-0,32,0,24)	R(-0,15,-0,46,0,22)
17:25:23.096	L(-0,12,-0,45,0,23)	R(0,19,-0,32,0,10)
17:25:24.109	L(-0,03,-0,34,0,18)	R(0,15,-0,39,0,07)
17:25:25.110	L(0,01,-0,14,0,24)	R(0,25,-0,19,-0,11)
17:25:26.116	L(-0,16,-0,21,0,28)	R(0,06,-0,27,0,29)
17:25:27.154	L(-0,27,-0,19,0,24)	R(-0,06,-0,25,0,34)
17:25:28.195	L(-0,19,-0,29,0,22)	R(-0,05,-0,22,0,34)
17:25:29.205	L(0,0,00,0,00)	R(0,0,00,0,00)
17:25:30.232	L(0,0,00,0,00)	R(0,0,00,0,00)
17:25:31.289	L(0,0,00,0,00)	R(0,0,00,0,00)
17:25:32.300	L(0,0,00,0,00)	R(0,0,00,0,00)
17:25:33.355	L(0,0,00,0,00)	R(0,0,00,0,00)
17:25:34.370	L(0,0,00,0,00)	R(0,0,00,0,00)
17:25:35.397	L(0,0,00,0,00)	R(0,0,00,0,00)
17:25:36.454	L(0,0,00,0,00)	R(0,0,00,0,00)
