19:08:21.594	L(-0,06,-0,51,0,22)	R(0,13,-0,48,0,21)
19:08:22.624	L(-0,03,-0,47,0,20)	R(0,08,-0,35,0,12)
19:08:23.660	L(-0,01,-0,49,0,18)	R(-0,07,-0,33,0,18)
19:08:24.698	L(-0,10,-0,34,0,18)	R(0,08,-0,43,0,12)
19:08:25.764	L(-0,13,-0,28,0,27)	R(0,07,-0,46,0,12)
19:08:26.780	L(-0,14,-0,28,0,27)	R(0,07,-0,46,0,12)
19:08:27.798	L(-0,31,-0,29,0,33)	R(0,07,-0,46,0,12)
19:08:28.815	L(-0,15,-0,28,0,26)	R(0,07,-0,46,0,12)
19:08:29.829	L(-0,14,-0,28,0,27)	R(0,07,-0,46,0,12)
19:08:30.851	L(-0,37,-0,27,0,43)	R(0,07,-0,46,0,12)
19:08:31.863	L(-0,16,-0,27,0,24)	R(0,07,-0,46,0,12)
19:08:32.877	L(-0,15,-0,29,0,25)	R(0,07,-0,46,0,12)
19:08:33.896	L(-0,25,-0,28,0,31)	R(0,07,-0,46,0,12)
19:08:34.911	L(-0,15,-0,30,0,23)	R(0,07,-0,46,0,12)
19:08:35.928	L(-0,38,-0,29,0,42)	R(0,07,-0,46,0,12)
19:08:36.945	L(-0,07,-0,24,0,26)	R(0,08,-0,46,0,11)
19:08:37.961	L(-0,05,-0,28,0,24)	R(0,08,-0,46,0,11)
19:08:38.978	L(-0,33,-0,29,0,39)	R(0,08,-0,46,0,11)
19:08:39.992	L(-0,05,-0,27,0,22)	R(0,08,-0,46,0,11)
19:08:41.010	L(-0,06,-0,28,0,23)	R(0,08,-0,46,0,11)
19:08:42.026	L(-0,37,-0,29,0,44)	R(0,08,-0,46,0,11)
19:08:43.042	L(-0,06,-0,28,0,20)	R(0,08,-0,46,0,11)
19:08:44.057	L(-0,05,-0,29,0,21)	R(0,08,-0,46,0,11)
19:08:45.073	L(-0,24,-0,24,0,34)	R(0,08,-0,46,0,11)
19:08:46.090	L(-0,18,-0,24,0,19)	R(0,08,-0,46,0,11)
19:08:47.107	L(-0,06,-0,29,0,18)	R(0,08,-0,47,0,11)
19:08:48.124	L(-0,34,-0,27,0,39)	R(0,08,-0,47,0,12)
19:08:49.140	L(-0,10,-0,24,0,28)	R(0,08,-0,47,0,11)
19:08:50.156	L(-0,10,-0,27,0,30)	R(0,08,-0,46,0,11)
19:08:51.174	L(-0,18,-0,26,0,31)	R(0,08,-0,47,0,11)
19:08:52.189	L(-0,18,-0,25,0,28)	R(0,08,-0,47,0,11)
19:08:53.207	L(-0,11,-0,28,0,28)	R(0,08,-0,47,0,11)
19:08:54.223	L(-0,36,-0,28,0,40)	R(0,08,-0,47,0,12)
19:08:55.238	L(-0,12,-0,27,0,27)	R(0,08,-0,47,0,11)
19:08:56.254	L(-0,11,-0,28,0,26)	R(0,08,-0,47,0,11)
19:08:57.272	L(-0,26,-0,28,0,32)	R(0,08,-0,47,0,11)
19:08:58.288	L(-0,27,-0,33,0,23)	R(0,08,-0,47,0,11)
19:08:59.304	L(-0,35,-0,30,0,41)	R(0,08,-0,47,0,11)
19:09:00.322	L(-0,10,-0,27,0,23)	R(0,08,-0,47,0,11)
19:09:01.338	L(-0,13,-0,26,0,24)	R(0,08,-0,47,0,11)
19:09:02.353	L(-0,22,-0,26,0,31)	R(0,08,-0,47,0,11)
19:09:03.370	L(-0,03,-0,27,0,25)	R(0,08,-0,47,0,11)
19:09:04.387	L(-0,04,-0,27,0,23)	R(0,09,-0,47,0,11)
19:09:05.403	L(-0,25,-0,26,0,33)	R(0,08,-0,47,0,11)
19:09:06.435	L(-0,02,-0,28,0,22)	R(0,09,-0,47,0,11)
19:09:07.451	L(-0,02,-0,29,0,22)	R(0,09,-0,47,0,11)
19:09:08.469	L(-0,33,-0,29,0,39)	R(0,09,-0,47,0,11)
19:09:09.485	L(-0,03,-0,26,0,20)	R(0,09,-0,47,0,11)
19:09:10.499	L(-0,04,-0,26,0,20)	R(0,09,-0,47,0,11)
19:09:11.518	L(-0,29,-0,26,0,35)	R(0,09,-0,47,0,11)
19:09:12.535	L(-0,03,-0,28,0,18)	R(0,09,-0,47,0,11)
19:09:13.550	L(-0,06,-0,29,0,18)	R(0,09,-0,47,0,11)
19:09:14.564	L(-0,31,-0,27,0,36)	R(0,09,-0,47,0,11)
19:09:15.581	L(-0,06,-0,28,0,30)	R(0,09,-0,47,0,12)
19:09:16.596	L(-0,29,-0,27,0,38)	R(0,09,-0,47,0,12)
19:09:17.616	L(-0,09,-0,23,0,26)	R(0,09,-0,47,0,11)
19:09:18.631	L(-0,06,-0,28,0,28)	R(0,09,-0,47,0,12)
19:09:19.651	L(-0,35,-0,28,0,43)	R(0,09,-0,47,0,12)
19:09:20.663	L(-0,07,-0,25,0,26)	R(0,09,-0,47,0,11)
19:09:21.686	L(-0,06,-0,28,0,26)	R(0,09,-0,47,0,12)
19:09:22.696	L(-0,07,-0,29,0,26)	R(0,09,-0,47,0,12)
19:09:23.741	L(-0,01,-0,32,0,21)	R(0,09,-0,46,0,11)
19:09:24.781	L(0,02,-0,34,0,20)	R(0,09,-0,46,0,11)
19:09:25.801	L(-0,02,-0,34,0,15)	R(0,09,-0,46,0,11)
19:09:26.817	L(-0,32,-0,27,0,37)	R(0,09,-0,47,0,11)
19:09:27.834	L(-0,09,-0,27,0,24)	R(0,09,-0,47,0,12)
19:09:28.851	L(-0,12,-0,28,0,24)	R(0,09,-0,47,0,12)
19:09:29.867	L(-0,24,-0,25,0,34)	R(0,09,-0,47,0,12)
19:09:30.883	L(0,02,-0,28,0,26)	R(0,09,-0,47,0,12)
19:09:31.902	L(0,01,-0,28,0,27)	R(0,09,-0,47,0,11)
19:09:32.918	L(-0,31,-0,27,0,39)	R(0,09,-0,46,0,11)
19:09:33.931	L(-0,05,-0,24,0,21)	R(0,09,-0,47,0,11)
19:09:34.951	L(0,00,-0,27,0,25)	R(0,09,-0,46,0,12)
19:09:35.965	L(-0,24,-0,27,0,35)	R(0,09,-0,46,0,11)
19:09:36.982	L(-0,08,-0,22,0,22)	R(0,09,-0,46,0,11)
19:09:37.998	L(-0,01,-0,27,0,22)	R(0,09,-0,46,0,11)
19:09:39.017	L(-0,08,-0,25,0,24)	R(0,09,-0,46,0,11)
19:09:40.032	L(-0,20,-0,23,0,30)	R(0,09,-0,47,0,11)
19:09:41.050	L(-0,01,-0,28,0,20)	R(0,09,-0,47,0,11)
19:09:42.079	L(0,00,-0,28,0,20)	R(0,09,-0,47,0,11)
19:09:43.110	L(-0,36,-0,27,0,42)	R(0,09,-0,47,0,11)
19:09:44.126	L(-0,03,-0,26,0,34)	R(0,10,-0,46,0,12)
19:09:45.143	L(-0,05,-0,26,0,32)	R(0,10,-0,46,0,12)
19:09:46.157	L(-0,34,-0,28,0,39)	R(0,09,-0,46,0,11)
19:09:47.189	L(-0,04,-0,25,0,28)	R(0,10,-0,46,0,11)
19:09:48.206	L(-0,04,-0,27,0,30)	R(0,10,-0,46,0,12)
19:09:49.222	L(-0,28,-0,25,0,38)	R(0,09,-0,46,0,11)
19:09:50.239	L(-0,10,-0,25,0,27)	R(0,09,-0,47,0,11)
19:09:51.252	L(-0,04,-0,28,0,27)	R(0,10,-0,46,0,11)
19:09:52.269	L(-0,12,-0,25,0,27)	R(0,10,-0,46,0,11)
19:09:53.288	L(-0,15,-0,26,0,27)	R(0,10,-0,46,0,11)
19:09:54.318	L(-0,05,-0,28,0,25)	R(0,10,-0,46,0,11)
19:09:55.349	L(-0,28,-0,24,0,34)	R(0,09,-0,46,0,11)
19:09:56.365	L(-0,06,-0,20,0,26)	R(0,09,-0,47,0,11)
19:09:57.380	L(0,03,-0,27,0,26)	R(0,10,-0,46,0,12)
19:09:58.399	L(0,03,-0,27,0,26)	R(0,10,-0,46,0,12)
19:09:59.425	L(-0,35,-0,29,0,40)	R(0,10,-0,46,0,11)
19:10:00.445	L(-0,33,-0,29,0,41)	R(0,10,-0,46,0,11)
19:10:01.474	L(0,00,-0,25,0,25)	R(0,10,-0,46,0,11)
19:10:02.491	L(0,03,-0,27,0,25)	R(0,10,-0,46,0,12)
19:10:03.508	L(0,01,-0,27,0,24)	R(0,10,-0,46,0,11)
19:10:04.525	L(-0,30,-0,26,0,36)	R(0,11,-0,46,0,10)
19:10:05.541	L(-0,12,-0,23,0,27)	R(0,11,-0,47,0,09)
19:10:06.571	L(0,02,-0,26,0,23)	R(0,11,-0,46,0,09)
19:10:07.602	L(0,03,-0,28,0,23)	R(0,11,-0,46,0,09)
19:10:08.645	L(0,00,-0,25,0,22)	R(0,11,-0,46,0,09)
19:10:09.676	L(-0,34,-0,28,0,37)	R(0,11,-0,46,0,09)
19:10:10.692	L(-0,01,-0,26,0,21)	R(0,11,-0,46,0,09)
19:10:11.736	L(0,02,-0,28,0,21)	R(0,11,-0,46,0,09)
19:10:12.766	L(-0,32,-0,27,0,37)	R(0,11,-0,46,0,09)
19:10:13.797	L(-0,11,-0,21,0,31)	R(0,11,-0,46,0,09)
19:10:14.839	L(-0,01,-0,27,0,33)	R(0,11,-0,46,0,09)
19:10:15.886	L(-0,19,-0,24,0,32)	R(0,11,-0,46,0,09)
19:10:16.916	L(-0,28,-0,30,0,35)	R(0,11,-0,47,0,09)
19:10:17.929	L(-0,29,-0,31,0,37)	R(0,11,-0,47,0,09)
19:10:18.951	L(0,00,-0,26,0,30)	R(0,12,-0,46,0,09)
19:10:19.968	L(-0,01,-0,27,0,30)	R(0,12,-0,46,0,09)
19:10:20.980	L(-0,35,-0,27,0,45)	R(0,11,-0,46,0,09)
19:10:22.028	L(-0,04,-0,25,0,29)	R(0,12,-0,46,0,09)
19:10:23.056	L(-0,01,-0,27,0,29)	R(0,12,-0,46,0,09)
19:10:24.114	L(-0,18,-0,25,0,32)	R(0,12,-0,46,0,09)
19:10:25.131	L(-0,15,-0,27,0,27)	R(0,12,-0,46,0,09)
19:10:26.162	L(-0,01,-0,27,0,26)	R(0,12,-0,46,0,09)
19:10:27.214	L(-0,32,-0,27,0,42)	R(0,12,-0,46,0,09)
19:10:28.257	L(0,02,-0,21,0,27)	R(0,12,-0,46,0,09)
19:10:29.294	L(0,06,-0,27,0,28)	R(0,12,-0,46,0,09)
19:10:30.323	L(-0,18,-0,23,0,30)	R(0,12,-0,46,0,09)
19:10:31.365	L(-0,11,-0,18,0,24)	R(0,12,-0,46,0,09)
19:10:32.384	L(0,06,-0,27,0,26)	R(0,12,-0,46,0,09)
19:10:33.399	L(-0,04,-0,26,0,25)	R(0,12,-0,46,0,09)
19:10:34.416	L(-0,23,-0,27,0,33)	R(0,12,-0,46,0,09)
19:10:35.449	L(0,05,-0,26,0,24)	R(0,12,-0,46,0,09)
19:10:36.465	L(0,05,-0,27,0,24)	R(0,12,-0,46,0,09)
19:10:37.498	L(-0,34,-0,28,0,43)	R(0,12,-0,46,0,09)
19:10:38.511	L(0,04,-0,22,0,23)	R(0,12,-0,46,0,09)
19:10:39.528	L(0,06,-0,28,0,22)	R(0,12,-0,46,0,09)
19:10:40.572	L(-0,16,-0,27,0,24)	R(0,12,-0,46,0,10)
19:10:41.635	L(-0,01,-0,27,0,18)	R(0,12,-0,46,0,11)
19:10:42.702	L(-0,02,-0,22,0,16)	R(0,12,-0,46,0,11)
19:10:43.773	L(0,00,-0,30,0,21)	R(0,12,-0,46,0,11)
19:10:44.839	L(0,01,-0,30,0,20)	R(0,12,-0,46,0,10)
19:10:45.862	L(0,17,-0,30,0,22)	R(0,13,-0,46,0,11)
19:10:46.893	L(-0,02,-0,26,0,19)	R(0,12,-0,47,0,11)
19:10:47.924	L(-0,07,-0,28,0,21)	R(0,12,-0,47,0,11)
19:10:48.967	L(-0,07,-0,28,0,21)	R(0,12,-0,47,0,11)
19:10:50.036	L(0,31,-0,29,0,41)	R(0,12,-0,47,0,11)
19:10:51.081	L(-0,01,-0,27,0,20)	R(0,12,-0,47,0,11)
19:10:52.114	L(-0,05,-0,28,0,22)	R(0,12,-0,47,0,11)
19:10:53.160	L(-0,04,-0,29,0,21)	R(0,12,-0,47,0,11)
19:10:54.191	L(-0,03,-0,29,0,21)	R(0,12,-0,47,0,11)
19:10:55.206	L(0,28,-0,29,0,35)	R(0,12,-0,47,0,11)
19:10:56.246	L(0,31,-0,28,0,43)	R(0,13,-0,46,0,11)
19:10:57.293	L(0,08,-0,28,0,21)	R(0,12,-0,47,0,11)
19:10:58.326	L(0,00,-0,28,0,21)	R(0,12,-0,47,0,11)
19:10:59.344	L(0,01,-0,29,0,22)	R(0,12,-0,47,0,11)
19:11:00.374	L(0,01,-0,29,0,21)	R(0,12,-0,47,0,11)
19:11:01.403	L(0,29,-0,30,0,37)	R(0,12,-0,47,0,11)
19:11:02.429	L(0,16,-0,27,0,26)	R(0,13,-0,47,0,11)
19:11:03.463	L(0,04,-0,28,0,21)	R(0,12,-0,47,0,11)
19:11:04.493	L(0,05,-0,29,0,21)	R(0,12,-0,47,0,11)
19:11:05.524	L(0,20,-0,31,0,29)	R(0,12,-0,47,0,11)
19:11:06.563	L(0,19,-0,28,0,26)	R(0,13,-0,47,0,11)
19:11:07.599	L(0,08,-0,29,0,21)	R(0,12,-0,47,0,11)
19:11:08.643	L(0,09,-0,29,0,22)	R(0,12,-0,47,0,11)
19:11:09.686	L(0,10,-0,29,0,22)	R(0,12,-0,47,0,11)
19:11:10.726	L(0,17,-0,27,0,39)	R(0,13,-0,47,0,11)
19:11:11.772	L(-0,11,-0,20,0,21)	R(0,12,-0,47,0,11)
19:11:12.806	L(-0,12,-0,22,0,23)	R(0,12,-0,47,0,11)
19:11:13.839	L(-0,11,-0,23,0,23)	R(0,12,-0,47,0,11)
19:11:14.861	L(-0,09,-0,24,0,24)	R(0,12,-0,47,0,11)
19:11:15.897	L(-0,09,-0,24,0,24)	R(0,12,-0,47,0,11)
19:11:16.927	L(-0,10,-0,23,0,22)	R(0,12,-0,47,0,11)
19:11:17.958	L(-0,11,-0,22,0,22)	R(0,12,-0,47,0,11)
19:11:18.973	L(-0,11,-0,23,0,21)	R(0,12,-0,47,0,11)
19:11:20.006	L(-0,12,-0,23,0,20)	R(0,12,-0,47,0,11)
19:11:21.019	L(-0,12,-0,23,0,18)	R(0,12,-0,47,0,11)
19:11:22.065	L(-0,11,-0,23,0,18)	R(0,12,-0,47,0,11)
19:11:23.094	L(-0,10,-0,23,0,18)	R(0,12,-0,47,0,11)
19:11:24.125	L(-0,10,-0,24,0,20)	R(0,12,-0,47,0,11)
19:11:25.156	L(-0,09,-0,24,0,19)	R(0,12,-0,47,0,11)
19:11:26.170	L(-0,08,-0,24,0,18)	R(0,12,-0,47,0,11)
19:11:27.203	L(-0,08,-0,25,0,20)	R(0,12,-0,47,0,11)
19:11:28.232	L(-0,08,-0,24,0,17)	R(0,12,-0,47,0,11)
19:11:29.247	L(-0,08,-0,23,0,19)	R(0,12,-0,47,0,11)
19:11:30.293	L(-0,08,-0,24,0,22)	R(0,12,-0,47,0,11)
19:11:31.333	L(-0,08,-0,23,0,23)	R(0,12,-0,47,0,11)
19:11:32.367	L(-0,07,-0,24,0,24)	R(0,12,-0,47,0,11)
19:11:33.396	L(-0,05,-0,24,0,23)	R(0,12,-0,47,0,11)
19:11:34.426	L(-0,05,-0,25,0,23)	R(0,12,-0,47,0,11)
19:11:35.457	L(-0,05,-0,25,0,22)	R(0,12,-0,47,0,11)
19:11:36.476	L(-0,05,-0,24,0,20)	R(0,12,-0,47,0,11)
19:11:37.493	L(-0,05,-0,25,0,20)	R(0,12,-0,47,0,11)
19:11:38.532	L(-0,06,-0,24,0,18)	R(0,12,-0,47,0,11)
19:11:39.552	L(-0,05,-0,24,0,17)	R(0,12,-0,47,0,11)
19:11:40.584	L(-0,05,-0,25,0,18)	R(0,12,-0,47,0,11)
19:11:41.610	L(-0,05,-0,24,0,21)	R(0,12,-0,47,0,11)
19:11:42.631	L(-0,05,-0,25,0,20)	R(0,12,-0,47,0,11)
19:11:43.659	L(-0,04,-0,24,0,21)	R(0,12,-0,47,0,11)
19:11:44.674	L(-0,04,-0,25,0,22)	R(0,12,-0,47,0,11)
19:11:45.692	L(-0,04,-0,24,0,24)	R(0,12,-0,47,0,11)
19:11:46.710	L(-0,04,-0,25,0,24)	R(0,12,-0,47,0,11)
19:11:47.725	L(-0,02,-0,25,0,24)	R(0,12,-0,47,0,11)
19:11:48.756	L(-0,02,-0,26,0,24)	R(0,12,-0,47,0,11)
19:11:49.772	L(-0,03,-0,25,0,22)	R(0,12,-0,47,0,11)
19:11:50.800	L(-0,03,-0,26,0,22)	R(0,12,-0,47,0,11)
19:11:51.819	L(-0,03,-0,25,0,20)	R(0,12,-0,47,0,11)
19:11:52.852	L(-0,02,-0,26,0,21)	R(0,12,-0,46,0,11)
19:11:53.880	L(-0,03,-0,25,0,18)	R(0,12,-0,46,0,11)
19:11:54.896	L(-0,02,-0,26,0,19)	R(0,12,-0,47,0,11)
19:11:55.913	L(-0,02,-0,25,0,18)	R(0,13,-0,46,0,10)
19:11:56.930	L(-0,01,-0,26,0,19)	R(0,13,-0,46,0,10)
19:11:57.945	L(-0,02,-0,26,0,21)	R(0,13,-0,46,0,10)
19:11:58.974	L(-0,01,-0,26,0,22)	R(0,13,-0,47,0,10)
19:12:00.020	L(-0,01,-0,26,0,23)	R(0,13,-0,47,0,10)
19:12:01.066	L(-0,01,-0,26,0,25)	R(0,13,-0,47,0,10)
19:12:02.105	L(-0,01,-0,26,0,24)	R(0,13,-0,47,0,10)
19:12:03.136	L(0,01,-0,26,0,25)	R(0,13,-0,47,0,10)
19:12:04.171	L(0,00,-0,26,0,24)	R(0,13,-0,47,0,10)
19:12:05.187	L(0,00,-0,27,0,23)	R(0,13,-0,47,0,10)
19:12:06.203	L(0,00,-0,26,0,22)	R(0,13,-0,47,0,10)
19:12:07.247	L(0,00,-0,26,0,21)	R(0,13,-0,47,0,10)
19:12:08.273	L(0,00,-0,26,0,19)	R(0,13,-0,47,0,10)
19:12:09.292	L(0,00,-0,26,0,19)	R(0,13,-0,47,0,10)
19:12:10.332	L(0,01,-0,26,0,19)	R(0,13,-0,47,0,10)
19:12:11.379	L(0,01,-0,26,0,20)	R(0,13,-0,47,0,10)
19:12:12.411	L(0,01,-0,26,0,21)	R(0,13,-0,47,0,10)
19:12:13.456	L(0,01,-0,25,0,22)	R(0,13,-0,47,0,10)
19:12:14.500	L(0,01,-0,26,0,23)	R(0,13,-0,47,0,10)
19:12:15.545	L(0,02,-0,26,0,26)	R(0,13,-0,47,0,10)
19:12:16.559	L(0,03,-0,25,0,25)	R(0,13,-0,47,0,10)
19:12:17.592	L(0,04,-0,26,0,25)	R(0,13,-0,47,0,10)
19:12:18.623	L(0,03,-0,25,0,24)	R(0,13,-0,47,0,10)
19:12:19.648	L(0,03,-0,26,0,24)	R(0,13,-0,47,0,10)
19:12:20.709	L(0,03,-0,27,0,22)	R(0,13,-0,47,0,10)
19:12:21.755	L(0,02,-0,26,0,20)	R(0,13,-0,47,0,10)
19:12:22.812	L(0,03,-0,26,0,20)	R(0,13,-0,47,0,10)
19:12:23.843	L(0,14,-0,35,0,27)	R(0,13,-0,46,0,10)
19:12:24.886	L(-0,01,-0,35,0,18)	R(0,13,-0,47,0,11)
19:12:25.931	L(0,01,-0,32,0,17)	R(0,13,-0,47,0,11)
19:12:26.975	L(0,02,-0,30,0,18)	R(0,13,-0,47,0,11)
19:12:28.031	L(-0,03,-0,30,0,25)	R(0,13,-0,47,0,11)
19:12:29.076	L(-0,03,-0,36,0,14)	R(0,13,-0,47,0,11)
19:12:30.139	L(-0,08,-0,18,0,22)	R(0,12,-0,47,0,11)
19:12:31.193	L(-0,01,-0,23,0,25)	R(0,13,-0,47,0,11)
19:12:32.225	L(-0,01,-0,23,0,25)	R(0,13,-0,47,0,11)
19:12:33.268	L(-0,01,-0,23,0,24)	R(0,13,-0,47,0,11)
19:12:34.307	L(0,29,-0,25,0,44)	R(0,13,-0,47,0,11)
19:12:35.340	L(-0,03,-0,23,0,23)	R(0,13,-0,47,0,11)
19:12:36.360	L(-0,09,-0,28,0,25)	R(0,12,-0,48,0,12)
19:12:37.417	L(-0,08,-0,28,0,26)	R(0,12,-0,48,0,11)
19:12:38.461	L(0,27,-0,26,0,40)	R(0,12,-0,47,0,12)
19:12:39.507	L(0,07,-0,26,0,27)	R(0,12,-0,47,0,11)
19:12:40.559	L(-0,04,-0,29,0,26)	R(0,12,-0,47,0,11)
19:12:41.596	L(-0,03,-0,29,0,26)	R(0,12,-0,47,0,11)
19:12:42.637	L(0,29,-0,26,0,44)	R(0,12,-0,47,0,12)
19:12:43.666	L(0,02,-0,27,0,26)	R(0,12,-0,47,0,11)
19:12:44.681	L(0,01,-0,29,0,26)	R(0,12,-0,47,0,12)
19:12:45.715	L(0,25,-0,29,0,40)	R(0,12,-0,47,0,12)
19:12:46.775	L(0,05,-0,27,0,27)	R(0,12,-0,47,0,11)
19:12:47.819	L(0,05,-0,28,0,26)	R(0,12,-0,47,0,11)
19:12:48.864	L(0,14,-0,29,0,20)	R(0,12,-0,47,0,11)
19:12:49.908	L(-0,12,-0,21,0,27)	R(0,12,-0,48,0,12)
19:12:50.938	L(-0,11,-0,23,0,28)	R(0,12,-0,48,0,12)
19:12:51.979	L(-0,10,-0,23,0,27)	R(0,12,-0,48,0,12)
19:12:53.024	L(-0,09,-0,24,0,28)	R(0,12,-0,47,0,12)
19:12:54.070	L(-0,09,-0,24,0,27)	R(0,12,-0,47,0,12)
19:12:55.112	L(-0,11,-0,23,0,26)	R(0,12,-0,47,0,12)
19:12:56.113	L(-0,11,-0,24,0,26)	R(0,12,-0,47,0,12)
19:12:57.133	L(-0,11,-0,23,0,24)	R(0,12,-0,47,0,12)
19:12:58.176	L(-0,11,-0,23,0,23)	R(0,12,-0,47,0,12)
19:12:59.209	L(-0,10,-0,24,0,24)	R(0,12,-0,47,0,11)
19:13:00.238	L(-0,10,-0,24,0,22)	R(0,12,-0,47,0,12)
19:13:01.271	L(-0,11,-0,23,0,22)	R(0,12,-0,47,0,12)
19:13:02.283	L(-0,11,-0,23,0,22)	R(0,12,-0,47,0,12)
19:13:03.331	L(-0,09,-0,24,0,22)	R(0,12,-0,47,0,12)
19:13:04.357	L(-0,08,-0,25,0,22)	R(0,12,-0,47,0,11)
19:13:05.376	L(-0,09,-0,22,0,24)	R(0,12,-0,47,0,12)
19:13:06.393	L(-0,08,-0,24,0,24)	R(0,12,-0,47,0,12)
19:13:07.424	L(-0,09,-0,23,0,26)	R(0,12,-0,48,0,12)
19:13:08.451	L(-0,10,-0,23,0,27)	R(0,11,-0,48,0,13)
19:13:09.494	L(-0,11,-0,21,0,29)	R(0,11,-0,48,0,13)
19:13:10.539	L(-0,10,-0,23,0,29)	R(0,11,-0,48,0,12)
19:13:11.586	L(-0,08,-0,23,0,30)	R(0,11,-0,48,0,13)
19:13:12.614	L(-0,08,-0,22,0,29)	R(0,11,-0,48,0,13)
19:13:13.659	L(-0,09,-0,23,0,28)	R(0,11,-0,48,0,12)
19:13:14.706	L(-0,09,-0,22,0,26)	R(0,11,-0,48,0,12)
19:13:15.735	L(-0,09,-0,23,0,26)	R(0,11,-0,48,0,12)
19:13:16.765	L(-0,09,-0,22,0,24)	R(0,11,-0,48,0,12)
19:13:17.796	L(-0,09,-0,23,0,24)	R(0,12,-0,48,0,12)
19:13:18.824	L(-0,07,-0,22,0,27)	R(0,12,-0,48,0,12)
19:13:19.844	L(-0,06,-0,23,0,27)	R(0,12,-0,48,0,12)
19:13:20.873	L(-0,07,-0,22,0,26)	R(0,12,-0,48,0,12)
19:13:21.904	L(-0,07,-0,23,0,26)	R(0,12,-0,48,0,12)
19:13:22.917	L(-0,07,-0,22,0,24)	R(0,12,-0,48,0,12)
19:13:23.937	L(-0,07,-0,22,0,24)	R(0,12,-0,48,0,12)
19:13:24.954	L(-0,06,-0,23,0,25)	R(0,12,-0,48,0,12)
19:13:25.971	L(-0,05,-0,23,0,28)	R(0,12,-0,48,0,12)
19:13:26.988	L(-0,05,-0,23,0,29)	R(0,12,-0,48,0,13)
19:13:28.016	L(-0,05,-0,24,0,31)	R(0,12,-0,48,0,12)
19:13:29.045	L(-0,07,-0,23,0,30)	R(0,12,-0,48,0,12)
19:13:30.092	L(-0,07,-0,23,0,30)	R(0,12,-0,48,0,13)
19:13:31.131	L(-0,07,-0,23,0,28)	R(0,12,-0,48,0,12)
19:13:32.176	L(-0,06,-0,22,0,29)	R(0,12,-0,48,0,12)
19:13:33.221	L(-0,04,-0,24,0,31)	R(0,12,-0,48,0,12)
19:13:34.264	L(-0,03,-0,24,0,30)	R(0,12,-0,48,0,13)
19:13:35.294	L(-0,02,-0,25,0,30)	R(0,12,-0,48,0,12)
19:13:36.338	L(-0,01,-0,25,0,30)	R(0,12,-0,48,0,12)
19:13:37.373	L(-0,02,-0,25,0,28)	R(0,12,-0,48,0,12)
19:13:38.417	L(-0,03,-0,25,0,28)	R(0,12,-0,48,0,12)
19:13:39.472	L(-0,03,-0,24,0,28)	R(0,12,-0,48,0,12)
19:13:40.506	L(-0,03,-0,25,0,26)	R(0,12,-0,48,0,12)
19:13:41.551	L(-0,02,-0,25,0,27)	R(0,12,-0,48,0,12)
19:13:42.604	L(-0,02,-0,24,0,25)	R(0,12,-0,48,0,12)
19:13:43.650	L(-0,02,-0,25,0,25)	R(0,12,-0,48,0,12)
19:13:44.679	L(-0,03,-0,25,0,25)	R(0,12,-0,48,0,12)
19:13:45.727	L(0,17,-0,30,0,29)	R(0,12,-0,48,0,12)
19:13:46.782	L(-0,06,-0,30,0,20)	R(0,12,-0,48,0,12)
19:13:47.875	L(-0,07,-0,27,0,24)	R(0,12,-0,48,0,12)
19:13:48.872	L(0,00,-0,32,0,27)	R(0,12,-0,48,0,12)
19:13:49.915	L(0,00,-0,33,0,26)	R(0,12,-0,48,0,12)
19:13:50.957	L(-0,05,-0,48,0,20)	R(0,12,-0,47,0,12)
19:13:52.001	L(-0,04,-0,49,0,19)	R(0,12,-0,43,0,12)
19:13:53.075	L(-0,04,-0,50,0,19)	R(0,11,-0,43,0,12)
19:13:54.080	L(-0,04,-0,50,0,19)	R(0,11,-0,43,0,12)
