14:15:11.191	L(-0,10,-0,48,0,17)	R(-0,07,-0,49,0,07)
14:15:12.238	L(-0,08,-0,48,0,16)	R(-0,13,-0,32,0,03)
14:15:13.284	L(-0,08,-0,49,0,18)	R(-0,10,-0,29,0,11)
14:15:14.303	L(-0,08,-0,49,0,17)	R(-0,10,-0,29,0,11)
14:15:15.319	L(-0,07,-0,49,0,17)	R(-0,15,-0,29,0,20)
14:15:16.335	L(-0,07,-0,49,0,17)	R(-0,02,-0,26,0,14)
14:15:17.352	L(-0,07,-0,49,0,17)	R(-0,13,-0,28,0,24)
14:15:18.367	L(-0,07,-0,49,0,17)	R(-0,05,-0,26,0,10)
14:15:19.384	L(-0,07,-0,49,0,17)	R(-0,05,-0,29,0,11)
14:15:20.398	L(-0,07,-0,50,0,18)	R(-0,18,-0,29,0,28)
14:15:21.418	L(-0,07,-0,48,0,17)	R(0,00,-0,27,0,12)
14:15:22.434	L(-0,07,-0,49,0,17)	R(-0,01,-0,28,0,12)
14:15:23.450	L(-0,07,-0,49,0,17)	R(-0,17,-0,27,0,20)
14:15:24.463	L(-0,07,-0,49,0,17)	R(-0,08,-0,29,0,09)
14:15:25.481	L(-0,07,-0,49,0,17)	R(-0,14,-0,28,0,15)
14:15:26.497	L(-0,07,-0,48,0,17)	R(-0,02,-0,26,0,08)
14:15:27.514	L(-0,07,-0,49,0,17)	R(-0,03,-0,28,0,11)
14:15:28.531	L(-0,08,-0,49,0,17)	R(-0,18,-0,29,0,28)
14:15:29.548	L(-0,07,-0,49,0,17)	R(-0,03,-0,26,0,10)
14:15:30.564	L(-0,07,-0,50,0,18)	R(-0,16,-0,27,0,26)
14:15:31.579	L(-0,08,-0,50,0,18)	R(-0,10,-0,27,0,05)
14:15:32.596	L(-0,07,-0,50,0,18)	R(-0,11,-0,30,0,07)
14:15:33.612	L(-0,07,-0,48,0,17)	R(-0,09,-0,27,0,06)
14:15:34.628	L(-0,07,-0,50,0,18)	R(-0,09,-0,29,0,04)
14:15:35.644	L(-0,07,-0,51,0,19)	R(-0,22,-0,32,0,29)
14:15:36.661	L(-0,07,-0,49,0,17)	R(-0,02,-0,29,0,08)
14:15:37.678	L(-0,07,-0,49,0,17)	R(-0,14,-0,28,0,20)
14:15:38.694	L(-0,07,-0,49,0,17)	R(-0,04,-0,24,0,09)
14:15:39.711	L(-0,07,-0,49,0,17)	R(-0,04,-0,29,0,09)
14:15:40.727	L(-0,07,-0,49,0,17)	R(-0,08,-0,28,0,09)
14:15:41.742	L(-0,07,-0,49,0,17)	R(-0,12,-0,23,0,14)
14:15:42.759	L(-0,07,-0,48,0,17)	R(-0,04,-0,29,0,06)
14:15:43.775	L(-0,07,-0,49,0,17)	R(-0,07,-0,25,-0,04)
14:15:44.792	L(-0,07,-0,49,0,17)	R(-0,08,-0,23,-0,03)
14:15:45.808	L(-0,07,-0,49,0,17)	R(-0,20,-0,26,0,20)
14:15:46.824	L(-0,07,-0,50,0,17)	R(-0,04,-0,27,0,07)
14:15:47.840	L(-0,07,-0,49,0,17)	R(-0,05,-0,29,0,07)
14:15:48.848	L(-0,06,-0,48,0,16)	R(0,04,-0,16,-0,01)
14:15:49.869	L(-0,07,-0,48,0,16)	R(0,21,0,04,-0,04)
14:15:50.874	L(-0,06,-0,48,0,16)	R(0,55,-0,12,-0,09)
14:15:51.886	L(-0,06,-0,48,0,16)	R(0,09,0,00,0,02)
14:15:52.935	L(-0,07,-0,49,0,17)	R(-0,15,-0,21,0,27)
14:15:53.951	L(-0,07,-0,49,0,17)	R(-0,02,-0,17,0,17)
14:15:54.970	L(-0,07,-0,49,0,17)	R(0,03,-0,27,0,15)
14:15:55.984	L(-0,07,-0,49,0,17)	R(-0,16,-0,25,0,30)
14:15:57.000	L(-0,06,-0,49,0,17)	R(0,04,-0,26,0,13)
14:15:58.019	L(-0,06,-0,49,0,17)	R(-0,01,-0,23,0,14)
14:15:59.033	L(-0,05,-0,49,0,16)	R(-0,04,-0,20,0,17)
14:16:00.052	L(-0,05,-0,49,0,16)	R(0,04,-0,27,0,11)
14:16:01.066	L(-0,05,-0,49,0,16)	R(-0,03,-0,20,-0,05)
14:16:02.084	L(-0,05,-0,49,0,16)	R(-0,04,-0,21,-0,05)
14:16:03.098	L(-0,06,-0,49,0,16)	R(-0,07,-0,24,-0,01)
14:16:04.117	L(-0,07,-0,49,0,17)	R(-0,16,-0,21,0,18)
14:16:05.131	L(-0,05,-0,49,0,17)	R(0,00,-0,27,0,11)
14:16:06.148	L(-0,05,-0,49,0,16)	R(0,00,-0,27,0,11)
14:16:07.161	L(-0,05,-0,49,0,16)	R(-0,20,-0,28,0,22)
14:16:08.182	L(-0,05,-0,49,0,17)	R(0,00,-0,24,0,06)
14:16:09.198	L(-0,05,-0,49,0,16)	R(-0,01,-0,28,0,08)
14:16:10.214	L(-0,05,-0,49,0,17)	R(-0,05,-0,28,0,07)
14:16:11.230	L(-0,05,-0,49,0,16)	R(-0,05,-0,22,0,11)
14:16:12.247	L(-0,05,-0,49,0,16)	R(-0,01,-0,29,0,07)
14:16:13.249	L(-0,05,-0,50,0,17)	R(-0,21,-0,28,0,31)
14:16:14.264	L(-0,05,-0,48,0,16)	R(0,00,-0,28,0,05)
14:16:15.281	L(-0,05,-0,49,0,16)	R(-0,01,-0,29,0,04)
14:16:16.298	L(-0,06,-0,49,0,17)	R(-0,14,-0,28,0,23)
14:16:17.314	L(-0,05,-0,49,0,16)	R(0,04,-0,26,0,13)
14:16:18.331	L(-0,05,-0,49,0,17)	R(-0,14,-0,24,0,17)
14:16:19.346	L(-0,05,-0,49,0,16)	R(0,02,-0,22,0,11)
14:16:20.361	L(-0,05,-0,49,0,16)	R(0,04,-0,27,0,10)
14:16:21.379	L(-0,05,-0,49,0,16)	R(-0,07,-0,27,0,06)
14:16:22.411	L(-0,05,-0,49,0,17)	R(-0,05,-0,21,0,12)
14:16:23.438	L(-0,05,-0,48,0,16)	R(0,04,-0,27,0,08)
14:16:24.455	L(-0,06,-0,49,0,17)	R(-0,18,-0,27,0,26)
14:16:25.472	L(-0,05,-0,48,0,16)	R(0,03,-0,27,0,03)
14:16:26.500	L(-0,05,-0,49,0,16)	R(0,04,-0,29,0,05)
14:16:27.531	L(-0,06,-0,49,0,17)	R(-0,18,-0,31,0,33)
14:16:28.561	L(-0,05,-0,49,0,16)	R(0,03,-0,28,0,10)
14:16:29.594	L(-0,05,-0,49,0,16)	R(0,00,-0,29,0,10)
14:16:30.638	L(-0,05,-0,49,0,17)	R(-0,04,-0,22,0,11)
14:16:31.681	L(-0,05,-0,49,0,16)	R(0,02,-0,28,0,08)
14:16:32.725	L(-0,05,-0,49,0,17)	R(-0,11,-0,29,0,10)
14:16:33.756	L(-0,05,-0,50,0,17)	R(0,00,-0,25,0,06)
14:16:34.799	L(-0,05,-0,49,0,16)	R(0,02,-0,28,0,06)
14:16:35.842	L(-0,05,-0,50,0,17)	R(-0,19,-0,28,0,18)
14:16:36.875	L(-0,05,-0,50,0,17)	R(0,00,-0,27,0,04)
14:16:37.902	L(-0,05,-0,49,0,16)	R(0,02,-0,29,0,04)
14:16:38.935	L(-0,06,-0,50,0,18)	R(-0,16,-0,29,0,17)
14:16:39.963	L(-0,06,-0,49,0,16)	R(0,08,-0,26,0,11)
14:16:41.010	L(-0,06,-0,49,0,17)	R(0,05,-0,28,0,11)
14:16:42.039	L(-0,06,-0,49,0,17)	R(-0,10,-0,23,0,18)
14:16:43.080	L(-0,06,-0,49,0,17)	R(0,07,-0,27,0,09)
14:16:44.113	L(-0,06,-0,49,0,17)	R(-0,04,-0,28,0,08)
14:16:45.143	L(-0,06,-0,49,0,17)	R(0,01,-0,25,0,08)
14:16:46.185	L(-0,06,-0,49,0,17)	R(0,07,-0,28,0,07)
14:16:47.218	L(-0,06,-0,49,0,17)	R(-0,17,-0,26,0,17)
14:16:48.234	L(-0,06,-0,49,0,17)	R(0,06,-0,26,0,03)
14:16:49.295	L(-0,06,-0,49,0,17)	R(0,07,-0,28,0,05)
14:16:50.352	L(-0,07,-0,49,0,17)	R(-0,19,-0,27,0,28)
14:16:51.393	L(-0,06,-0,49,0,17)	R(0,08,-0,27,0,11)
14:16:52.436	L(-0,05,-0,49,0,17)	R(0,06,-0,28,0,11)
14:16:53.469	L(-0,05,-0,49,0,17)	R(0,05,-0,28,0,10)
14:16:54.513	L(-0,06,-0,49,0,17)	R(-0,12,-0,24,0,18)
14:16:55.556	L(-0,05,-0,49,0,16)	R(0,06,-0,28,0,08)
14:16:56.602	L(-0,05,-0,49,0,17)	R(0,03,-0,29,0,08)
14:16:57.657	L(-0,05,-0,49,0,17)	R(-0,08,-0,23,0,14)
14:16:58.704	L(-0,05,-0,49,0,16)	R(0,06,-0,28,0,07)
14:16:59.750	L(-0,05,-0,49,0,16)	R(0,05,-0,29,0,06)
14:17:00.790	L(-0,05,-0,48,0,16)	R(-0,09,-0,23,0,16)
14:17:01.837	L(-0,05,-0,49,0,16)	R(0,06,-0,29,0,03)
14:17:02.881	L(-0,05,-0,49,0,16)	R(0,05,-0,30,0,04)
14:17:03.923	L(-0,06,-0,50,0,17)	R(-0,11,-0,27,0,19)
14:17:04.966	L(-0,06,-0,48,0,16)	R(0,08,-0,27,0,11)
14:17:06.011	L(-0,06,-0,51,0,18)	R(-0,21,-0,27,0,25)
14:17:07.041	L(-0,06,-0,49,0,17)	R(0,08,-0,26,0,07)
14:17:08.085	L(-0,06,-0,48,0,16)	R(-0,05,-0,28,0,08)
14:17:09.104	L(-0,06,-0,50,0,17)	R(0,04,-0,26,0,09)
14:17:10.146	L(-0,06,-0,48,0,16)	R(0,05,-0,29,0,06)
14:17:11.191	L(-0,06,-0,49,0,16)	R(-0,06,-0,24,0,11)
14:17:12.262	L(-0,06,-0,48,0,16)	R(0,07,-0,29,0,03)
14:17:13.296	L(-0,07,-0,48,0,16)	R(0,17,0,05,0,03)
14:17:14.340	L(-0,06,-0,48,0,16)	R(0,49,-0,20,-0,07)
14:17:15.346	L(-0,06,-0,49,0,16)	R(0,29,-0,18,-0,09)
14:17:16.385	L(-0,05,-0,49,0,16)	R(-0,16,-0,18,0,07)
14:17:17.430	L(-0,06,-0,49,0,16)	R(-0,06,-0,18,0,06)
14:17:18.473	L(-0,05,-0,49,0,15)	R(-0,02,-0,27,0,03)
14:17:19.565	L(-0,05,-0,49,0,16)	R(-0,02,-0,27,0,02)
14:17:20.633	L(-0,05,-0,49,0,15)	R(0,41,-0,13,-0,04)
14:17:21.649	L(-0,05,-0,49,0,15)	R(0,38,-0,24,-0,07)
14:17:22.677	L(-0,04,-0,49,0,15)	R(0,33,-0,21,-0,08)
14:17:23.706	L(-0,05,-0,49,0,15)	R(0,21,-0,21,-0,05)
14:17:24.741	L(-0,04,-0,49,0,15)	R(0,55,-0,24,-0,07)
14:17:25.784	L(-0,04,-0,49,0,15)	R(0,23,-0,21,-0,10)
14:17:26.815	L(-0,04,-0,49,0,15)	R(0,32,-0,28,-0,08)
14:17:27.845	L(-0,04,-0,49,0,15)	R(0,53,-0,26,-0,07)
14:17:28.862	L(-0,04,-0,49,0,15)	R(0,31,-0,29,-0,06)
14:17:29.920	L(-0,05,-0,49,0,15)	R(0,22,-0,28,0,12)
14:17:30.950	L(-0,06,-0,49,0,16)	R(-0,07,-0,22,0,07)
14:17:31.981	L(-0,06,-0,49,0,16)	R(-0,10,-0,28,0,05)
14:17:33.024	L(-0,06,-0,50,0,17)	R(0,00,-0,20,0,09)
14:17:34.067	L(-0,05,-0,48,0,15)	R(0,17,-0,21,0,14)
14:17:35.138	L(-0,06,-0,49,0,15)	R(-0,06,-0,28,0,04)
14:17:36.184	L(-0,06,-0,49,0,16)	R(-0,06,-0,28,0,05)
14:17:37.213	L(-0,06,-0,49,0,16)	R(-0,06,-0,29,0,05)
14:17:38.256	L(-0,06,-0,49,0,15)	R(0,22,-0,26,0,18)
14:17:39.302	L(-0,06,-0,49,0,16)	R(-0,01,-0,26,0,06)
14:17:40.318	L(-0,06,-0,49,0,16)	R(-0,02,-0,28,0,05)
14:17:41.362	L(-0,06,-0,49,0,16)	R(-0,02,-0,28,0,05)
14:17:42.405	L(-0,06,-0,49,0,16)	R(0,21,-0,25,0,16)
14:17:43.451	L(-0,06,-0,49,0,16)	R(0,02,-0,27,0,06)
14:17:44.511	L(-0,06,-0,49,0,16)	R(0,01,-0,28,0,05)
14:17:45.538	L(-0,06,-0,49,0,16)	R(0,06,-0,23,0,10)
14:17:46.582	L(-0,06,-0,49,0,15)	R(0,11,-0,15,0,08)
14:17:47.642	L(-0,06,-0,49,0,15)	R(0,05,-0,27,0,04)
14:17:48.689	L(-0,06,-0,49,0,16)	R(0,05,-0,27,0,05)
14:17:49.723	L(-0,06,-0,49,0,16)	R(0,00,-0,32,-0,01)
14:17:50.782	L(-0,06,-0,49,0,15)	R(0,03,-0,14,0,04)
14:17:51.810	L(-0,07,-0,49,0,15)	R(-0,03,-0,21,0,04)
14:17:52.852	L(-0,07,-0,49,0,15)	R(-0,03,-0,22,0,04)
14:17:53.894	L(-0,06,-0,49,0,15)	R(0,21,-0,20,0,17)
14:17:54.950	L(-0,06,-0,49,0,15)	R(0,04,-0,19,0,08)
14:17:55.994	L(-0,07,-0,49,0,16)	R(-0,09,-0,27,0,05)
14:17:57.038	L(-0,07,-0,49,0,16)	R(-0,09,-0,28,0,06)
14:17:58.072	L(-0,07,-0,48,0,15)	R(0,21,-0,25,0,17)
14:17:59.127	L(-0,06,-0,49,0,15)	R(0,14,-0,20,0,12)
14:18:00.172	L(-0,07,-0,49,0,16)	R(-0,04,-0,28,0,06)
14:18:01.228	L(-0,07,-0,49,0,16)	R(-0,04,-0,28,0,06)
14:18:02.259	L(-0,07,-0,49,0,16)	R(0,22,-0,25,0,21)
14:18:03.295	L(-0,07,-0,49,0,16)	R(0,00,-0,24,0,06)
14:18:04.349	L(-0,07,-0,49,0,16)	R(-0,01,-0,27,0,05)
14:18:05.393	L(-0,07,-0,49,0,16)	R(0,00,-0,27,0,05)
14:18:06.440	L(-0,07,-0,49,0,16)	R(0,22,-0,27,0,18)
14:18:07.483	L(-0,07,-0,49,0,16)	R(0,03,-0,26,0,05)
14:18:08.514	L(-0,07,-0,49,0,16)	R(0,03,-0,27,0,05)
14:18:09.555	L(-0,07,-0,49,0,16)	R(0,03,-0,26,0,05)
14:18:10.627	L(-0,07,-0,49,0,16)	R(0,05,-0,26,0,05)
14:18:11.675	L(-0,07,-0,49,0,16)	R(0,03,-0,27,0,05)
14:18:12.730	L(-0,07,-0,49,0,16)	R(0,04,-0,27,0,05)
14:18:13.763	L(-0,07,-0,49,0,16)	R(0,03,-0,26,0,05)
14:18:14.818	L(-0,07,-0,49,0,16)	R(0,03,-0,26,0,05)
14:18:15.879	L(-0,07,-0,49,0,16)	R(0,05,-0,18,0,02)
14:18:16.910	L(-0,06,-0,49,0,15)	R(0,28,-0,20,-0,08)
14:18:17.927	L(-0,05,-0,49,0,15)	R(0,51,-0,23,-0,09)
14:18:18.939	L(-0,05,-0,49,0,15)	R(0,25,-0,22,-0,11)
14:18:19.984	L(-0,05,-0,49,0,15)	R(0,18,-0,11,0,05)
14:18:21.030	L(-0,06,-0,49,0,16)	R(0,02,-0,21,0,28)
14:18:22.071	L(-0,06,-0,49,0,15)	R(-0,01,-0,19,0,10)
14:18:23.131	L(-0,07,-0,49,0,15)	R(-0,02,-0,22,0,11)
14:18:24.188	L(-0,07,-0,49,0,16)	R(-0,02,-0,22,0,11)
14:18:25.222	L(-0,07,-0,49,0,16)	R(-0,01,-0,21,0,10)
14:18:26.276	L(-0,07,-0,49,0,16)	R(-0,01,-0,21,0,11)
14:18:27.322	L(-0,07,-0,49,0,16)	R(-0,01,-0,22,0,09)
14:18:28.354	L(-0,07,-0,49,0,16)	R(-0,02,-0,20,0,09)
14:18:29.409	L(-0,06,-0,49,0,15)	R(0,00,-0,23,0,09)
14:18:30.467	L(-0,06,-0,49,0,15)	R(0,00,-0,21,0,08)
14:18:31.498	L(-0,06,-0,49,0,15)	R(0,00,-0,22,0,08)
14:18:32.542	L(-0,07,-0,49,0,15)	R(0,00,-0,22,0,07)
14:18:33.571	L(-0,07,-0,49,0,15)	R(0,01,-0,21,0,06)
14:18:34.616	L(-0,07,-0,49,0,16)	R(0,02,-0,22,0,06)
14:18:35.660	L(-0,06,-0,49,0,15)	R(0,02,-0,22,0,08)
14:18:36.690	L(-0,06,-0,49,0,15)	R(0,02,-0,20,0,05)
14:18:37.749	L(-0,06,-0,49,0,15)	R(0,03,-0,22,0,05)
14:18:38.793	L(-0,06,-0,49,0,15)	R(0,02,-0,21,0,05)
14:18:39.826	L(-0,06,-0,49,0,15)	R(0,02,-0,22,0,07)
14:18:40.868	L(-0,06,-0,49,0,15)	R(0,02,-0,21,0,08)
14:18:41.901	L(-0,06,-0,49,0,15)	R(0,02,-0,22,0,09)
14:18:42.968	L(-0,06,-0,49,0,15)	R(0,01,-0,22,0,11)
14:18:44.002	L(-0,06,-0,49,0,15)	R(0,01,-0,22,0,10)
14:18:45.044	L(-0,06,-0,49,0,15)	R(0,03,-0,22,0,10)
14:18:46.092	L(-0,06,-0,49,0,15)	R(0,03,-0,21,0,09)
14:18:47.158	L(-0,06,-0,49,0,15)	R(0,03,-0,22,0,08)
14:18:48.192	L(-0,06,-0,49,0,15)	R(0,03,-0,21,0,06)
14:18:49.224	L(-0,06,-0,49,0,15)	R(0,03,-0,21,0,06)
14:18:50.267	L(-0,06,-0,49,0,15)	R(0,04,-0,22,0,05)
14:18:51.311	L(-0,06,-0,49,0,15)	R(0,05,-0,21,0,04)
14:18:52.341	L(-0,06,-0,49,0,15)	R(0,06,-0,22,0,04)
14:18:53.373	L(-0,06,-0,49,0,15)	R(0,05,-0,21,0,06)
14:18:54.440	L(-0,06,-0,49,0,15)	R(0,05,-0,22,0,06)
14:18:55.488	L(-0,05,-0,49,0,15)	R(0,04,-0,21,0,08)
14:18:56.554	L(-0,05,-0,49,0,15)	R(0,04,-0,22,0,08)
14:18:57.617	L(-0,05,-0,49,0,15)	R(0,04,-0,22,0,10)
14:18:58.663	L(-0,06,-0,49,0,15)	R(0,06,-0,21,0,09)
14:18:59.707	L(-0,05,-0,49,0,15)	R(0,06,-0,22,0,09)
14:19:00.774	L(-0,06,-0,49,0,15)	R(0,06,-0,22,0,07)
14:19:01.808	L(-0,05,-0,49,0,15)	R(0,06,-0,22,0,07)
14:19:02.854	L(-0,05,-0,49,0,15)	R(0,06,-0,22,0,06)
14:19:03.911	L(-0,05,-0,49,0,15)	R(0,07,-0,21,0,05)
14:19:04.950	L(-0,06,-0,49,0,15)	R(0,07,-0,22,0,03)
14:19:05.985	L(-0,05,-0,49,0,15)	R(0,08,-0,21,0,03)
14:19:07.027	L(-0,05,-0,49,0,15)	R(0,08,-0,20,0,04)
14:19:08.074	L(-0,05,-0,49,0,15)	R(0,08,-0,21,0,05)
14:19:09.117	L(-0,05,-0,49,0,15)	R(0,08,-0,21,0,07)
14:19:10.172	L(-0,05,-0,49,0,15)	R(0,08,-0,21,0,07)
14:19:11.242	L(-0,05,-0,49,0,15)	R(0,07,-0,22,0,09)
14:19:12.304	L(-0,05,-0,49,0,15)	R(0,09,-0,19,0,09)
14:19:13.336	L(-0,05,-0,49,0,15)	R(0,09,-0,21,0,09)
14:19:14.366	L(-0,05,-0,49,0,15)	R(0,09,-0,21,0,07)
14:19:15.397	L(-0,05,-0,49,0,15)	R(0,10,-0,20,0,05)
14:19:16.456	L(-0,05,-0,49,0,15)	R(0,09,-0,21,0,05)
14:19:17.514	L(-0,05,-0,49,0,15)	R(0,09,-0,21,0,03)
14:19:18.571	L(-0,05,-0,49,0,15)	R(0,12,-0,17,0,04)
14:19:19.615	L(-0,05,-0,49,0,15)	R(0,23,-0,19,0,06)
14:19:20.672	L(-0,05,-0,49,0,15)	R(0,04,-0,23,0,04)
14:19:21.761	L(-0,05,-0,49,0,15)	R(0,00,-0,22,0,06)
14:19:22.820	L(-0,06,-0,50,0,15)	R(-0,03,-0,33,0,04)
14:19:23.846	L(-0,06,-0,50,0,15)	R(0,00,-0,31,0,04)
14:19:24.914	L(-0,05,-0,49,0,15)	R(0,19,-0,15,0,10)
14:19:25.963	L(-0,05,-0,49,0,15)	R(-0,03,-0,17,0,12)
14:19:27.020	L(-0,05,-0,49,0,15)	R(-0,04,-0,20,0,13)
14:19:28.077	L(-0,05,-0,49,0,15)	R(-0,03,-0,19,0,13)
14:19:29.125	L(-0,05,-0,49,0,15)	R(-0,03,-0,19,0,12)
14:19:30.169	L(-0,06,-0,49,0,15)	R(-0,02,-0,20,0,10)
14:19:31.224	L(-0,05,-0,49,0,15)	R(-0,03,-0,20,0,10)
14:19:32.269	L(-0,05,-0,49,0,15)	R(-0,04,-0,19,0,10)
14:19:33.325	L(-0,05,-0,49,0,15)	R(-0,03,-0,20,0,09)
14:19:34.359	L(-0,06,-0,49,0,15)	R(-0,03,-0,19,0,07)
14:19:35.415	L(-0,06,-0,49,0,15)	R(-0,03,-0,19,0,07)
14:19:36.459	L(-0,06,-0,49,0,15)	R(-0,01,-0,21,0,07)
14:19:37.504	L(-0,05,-0,49,0,15)	R(-0,02,-0,20,0,08)
14:19:38.559	L(-0,06,-0,49,0,15)	R(0,02,-0,14,0,09)
14:19:39.606	L(-0,06,-0,49,0,15)	R(0,10,-0,17,0,10)
14:19:40.649	L(-0,06,-0,49,0,15)	R(0,10,-0,18,0,10)
14:19:41.706	L(-0,06,-0,49,0,15)	R(0,08,-0,17,0,10)
14:19:42.766	L(-0,06,-0,49,0,15)	R(0,08,-0,18,0,10)
14:19:43.825	L(-0,06,-0,49,0,15)	R(0,08,-0,18,0,08)
14:19:44.870	L(-0,06,-0,49,0,15)	R(0,09,-0,17,0,08)
14:19:45.911	L(-0,06,-0,49,0,15)	R(0,10,-0,18,0,08)
14:19:46.973	L(-0,06,-0,49,0,15)	R(0,08,-0,18,0,06)
14:19:48.017	L(-0,06,-0,49,0,15)	R(0,08,-0,17,0,06)
14:19:49.057	L(-0,06,-0,49,0,15)	R(0,09,-0,18,0,06)
14:19:50.103	L(-0,06,-0,49,0,15)	R(0,08,-0,18,0,04)
14:19:51.135	L(-0,06,-0,49,0,15)	R(0,10,-0,17,0,04)
14:19:52.164	L(-0,06,-0,49,0,15)	R(0,08,-0,16,0,04)
14:19:53.196	L(-0,06,-0,49,0,15)	R(0,07,-0,18,0,04)
14:19:54.261	L(-0,06,-0,49,0,15)	R(0,05,-0,18,0,05)
14:19:55.297	L(-0,05,-0,49,0,15)	R(0,06,-0,16,0,06)
14:19:56.356	L(-0,05,-0,49,0,15)	R(0,05,-0,19,0,07)
14:19:57.385	L(-0,05,-0,49,0,15)	R(0,05,-0,18,0,08)
14:19:58.438	L(-0,05,-0,49,0,15)	R(0,05,-0,17,0,10)
14:19:59.488	L(-0,05,-0,49,0,15)	R(0,05,-0,19,0,11)
14:20:00.546	L(-0,05,-0,49,0,15)	R(0,07,-0,18,0,10)
14:20:01.577	L(-0,05,-0,49,0,15)	R(0,06,-0,18,0,09)
14:20:02.634	L(-0,05,-0,49,0,15)	R(0,07,-0,19,0,08)
14:20:03.664	L(-0,05,-0,49,0,15)	R(0,07,-0,18,0,06)
14:20:04.732	L(-0,05,-0,49,0,15)	R(0,06,-0,17,0,06)
14:20:05.766	L(-0,05,-0,49,0,15)	R(0,04,-0,20,0,07)
14:20:06.798	L(-0,05,-0,49,0,15)	R(0,04,-0,19,0,09)
14:20:07.857	L(-0,05,-0,49,0,15)	R(0,04,-0,19,0,09)
14:20:08.859	L(-0,05,-0,50,0,16)	R(0,03,-0,18,0,11)
14:20:09.899	L(-0,05,-0,50,0,15)	R(0,04,-0,20,0,11)
14:20:10.955	L(-0,05,-0,50,0,15)	R(0,02,-0,20,0,11)
14:20:12.013	L(-0,05,-0,50,0,14)	R(0,02,-0,21,0,10)
14:20:13.048	L(-0,05,-0,50,0,14)	R(0,03,-0,19,0,09)
14:20:14.103	L(-0,05,-0,50,0,14)	R(0,03,-0,20,0,07)
14:20:15.152	L(-0,05,-0,50,0,14)	R(0,03,-0,20,0,07)
14:20:16.232	L(-0,05,-0,50,0,14)	R(0,03,-0,20,0,07)
14:20:17.281	L(-0,05,-0,50,0,14)	R(0,03,-0,20,0,05)
14:20:18.340	L(-0,05,-0,50,0,14)	R(0,04,-0,19,0,05)
14:20:19.407	L(-0,05,-0,50,0,14)	R(0,04,-0,19,0,05)
14:20:20.465	L(-0,05,-0,50,0,14)	R(0,04,-0,18,0,05)
14:20:21.539	L(-0,05,-0,50,0,14)	R(0,01,-0,19,0,05)
14:20:22.584	L(-0,05,-0,50,0,14)	R(-0,01,-0,17,0,06)
14:20:23.627	L(-0,05,-0,50,0,14)	R(-0,01,-0,19,0,06)
14:20:24.675	L(-0,05,-0,50,0,14)	R(-0,01,-0,19,0,08)
14:20:25.741	L(-0,05,-0,50,0,14)	R(-0,01,-0,17,0,09)
14:20:26.777	L(-0,05,-0,50,0,14)	R(-0,01,-0,20,0,10)
14:20:27.831	L(-0,05,-0,50,0,14)	R(-0,02,-0,20,0,11)
14:20:28.879	L(-0,05,-0,50,0,14)	R(0,00,-0,19,0,10)
14:20:29.919	L(-0,05,-0,50,0,14)	R(0,00,-0,19,0,11)
14:20:30.980	L(-0,05,-0,50,0,14)	R(0,00,-0,20,0,10)
14:20:32.012	L(-0,05,-0,50,0,14)	R(0,01,-0,19,0,07)
14:20:33.021	L(-0,05,-0,50,0,14)	R(0,01,-0,18,0,08)
14:20:34.085	L(-0,05,-0,50,0,14)	R(0,07,-0,18,0,21)
14:20:35.128	L(-0,05,-0,50,0,14)	R(0,13,-0,13,-0,09)
14:20:36.172	L(-0,05,-0,50,0,14)	R(0,22,-0,17,-0,12)
14:20:37.190	L(-0,05,-0,50,0,14)	R(0,24,-0,19,-0,10)
14:20:38.228	L(-0,05,-0,50,0,14)	R(0,09,-0,18,-0,02)
14:20:39.275	L(-0,05,-0,50,0,14)	R(0,10,-0,22,-0,03)
14:20:40.295	L(-0,05,-0,50,0,14)	R(0,10,-0,22,-0,03)
