18:20:59.380	L(0,14,-0,19,-0,04)	R(0,30,-0,30,-0,08)
18:21:00.392	L(-0,05,-0,24,0,03)	R(0,15,-0,28,0,02)
18:21:01.420	L(-0,08,-0,25,0,11)	R(0,09,-0,28,0,08)
18:21:02.448	L(-0,08,-0,26,0,13)	R(0,07,-0,29,0,10)
18:21:03.476	L(-0,09,-0,28,0,09)	R(0,06,-0,32,0,07)
18:21:04.503	L(-0,10,-0,26,0,13)	R(0,06,-0,31,0,08)
18:21:05.531	L(-0,09,-0,23,0,09)	R(0,13,-0,25,0,10)
18:21:06.559	L(-0,09,-0,19,0,17)	R(0,15,-0,28,0,08)
18:21:07.586	L(-0,14,-0,17,0,28)	R(0,15,-0,29,0,08)
18:21:08.614	L(-0,17,-0,19,0,30)	R(0,16,-0,29,0,09)
18:21:09.642	L(-0,16,-0,20,0,29)	R(0,16,-0,29,0,09)
18:21:10.666	L(-0,16,-0,21,0,30)	R(0,17,-0,29,0,08)
18:21:11.710	L(-0,15,-0,20,0,30)	R(0,16,-0,29,0,07)
18:21:12.751	L(-0,14,-0,20,0,32)	R(0,17,-0,29,0,08)
18:21:13.792	L(-0,13,-0,20,0,33)	R(0,18,-0,29,0,08)
18:21:14.835	L(-0,14,-0,20,0,33)	R(0,17,-0,29,0,08)
18:21:15.878	L(-0,15,-0,19,0,29)	R(0,17,-0,30,0,08)
18:21:16.919	L(-0,14,-0,20,0,30)	R(0,18,-0,30,0,07)
18:21:17.950	L(-0,12,-0,20,0,23)	R(0,17,-0,30,0,06)
18:21:19.001	L(-0,03,-0,28,0,13)	R(0,17,-0,30,0,04)
18:21:20.044	L(-0,16,-0,19,0,25)	R(0,17,-0,30,0,04)
18:21:21.087	L(-0,09,-0,21,0,19)	R(0,17,-0,30,0,06)
18:21:22.115	L(-0,04,-0,28,0,16)	R(0,17,-0,30,0,04)
18:21:23.142	L(-0,15,-0,22,0,31)	R(0,17,-0,31,0,05)
18:21:24.170	L(-0,05,-0,29,0,19)	R(0,17,-0,31,0,06)
18:21:25.198	L(-0,14,-0,22,0,35)	R(0,17,-0,31,0,06)
18:21:26.226	L(-0,05,-0,28,0,22)	R(0,17,-0,31,0,06)
18:21:27.254	L(-0,07,-0,28,0,21)	R(0,18,-0,31,0,07)
18:21:28.281	L(-0,14,-0,23,0,34)	R(0,17,-0,31,0,08)
18:21:29.308	L(0,01,-0,23,0,12)	R(0,18,-0,31,0,07)
18:21:30.337	L(0,00,-0,26,0,12)	R(0,19,-0,32,0,07)
18:21:31.365	L(-0,04,-0,29,0,10)	R(0,18,-0,32,0,07)
18:21:32.392	L(-0,01,-0,25,0,14)	R(0,20,-0,32,0,08)
18:21:33.420	L(-0,01,-0,29,0,12)	R(0,20,-0,32,0,08)
18:21:34.448	L(-0,01,-0,30,0,12)	R(0,19,-0,32,0,08)
18:21:35.475	L(-0,01,-0,27,0,10)	R(0,18,-0,31,0,06)
18:21:36.504	L(0,01,-0,26,0,10)	R(0,18,-0,32,0,07)
18:21:37.531	L(0,01,-0,27,0,11)	R(0,18,-0,32,0,07)
18:21:38.559	L(-0,01,-0,30,0,12)	R(0,18,-0,32,0,07)
18:21:39.587	L(-0,08,-0,32,0,10)	R(0,18,-0,32,0,07)
18:21:40.614	L(0,00,-0,25,0,14)	R(0,18,-0,32,0,07)
18:21:41.642	L(0,04,-0,25,0,14)	R(0,18,-0,32,0,08)
18:21:42.670	L(0,03,-0,24,0,14)	R(0,18,-0,32,0,08)
18:21:43.698	L(-0,12,-0,22,0,36)	R(0,18,-0,33,0,10)
18:21:44.725	L(0,01,-0,21,0,18)	R(0,17,-0,33,0,10)
18:21:45.754	L(0,00,-0,24,0,16)	R(0,18,-0,33,0,09)
18:21:46.782	L(-0,09,-0,21,0,33)	R(0,18,-0,32,0,09)
18:21:47.809	L(0,00,-0,25,0,19)	R(0,18,-0,33,0,09)
18:21:48.837	L(-0,06,-0,22,0,24)	R(0,18,-0,32,0,08)
18:21:49.864	L(0,00,-0,22,0,21)	R(0,18,-0,32,0,08)
18:21:50.892	L(0,01,-0,28,0,14)	R(0,19,-0,32,0,08)
18:21:51.921	L(-0,08,-0,23,0,34)	R(0,19,-0,32,0,07)
18:21:52.948	L(0,00,-0,25,0,17)	R(0,19,-0,32,0,08)
18:21:53.975	L(0,00,-0,26,0,16)	R(0,20,-0,32,0,08)
18:21:55.004	L(-0,04,-0,24,0,27)	R(0,20,-0,32,0,07)
18:21:56.031	L(0,00,-0,27,0,18)	R(0,20,-0,33,0,07)
18:21:57.059	L(-0,08,-0,24,0,31)	R(0,19,-0,32,0,07)
18:21:58.087	L(-0,02,-0,26,0,21)	R(0,20,-0,33,0,07)
18:21:59.114	L(-0,04,-0,26,0,22)	R(0,21,-0,33,0,07)
18:22:00.142	L(-0,03,-0,17,0,23)	R(0,19,-0,32,0,08)
18:22:01.170	L(0,03,-0,26,0,13)	R(0,20,-0,33,0,07)
18:22:02.199	L(0,04,-0,27,0,13)	R(0,20,-0,33,0,07)
18:22:03.226	L(-0,08,-0,24,0,35)	R(0,20,-0,33,0,07)
18:22:04.253	L(0,04,-0,26,0,16)	R(0,19,-0,33,0,07)
18:22:05.281	L(0,03,-0,25,0,15)	R(0,19,-0,33,0,07)
18:22:06.309	L(-0,01,-0,20,0,21)	R(0,19,-0,33,0,07)
18:22:07.337	L(0,03,-0,26,0,18)	R(0,19,-0,33,0,07)
18:22:08.364	L(-0,08,-0,23,0,35)	R(0,19,-0,33,0,06)
18:22:09.392	L(0,03,-0,24,0,20)	R(0,19,-0,33,0,07)
18:22:10.421	L(-0,01,-0,21,0,22)	R(0,19,-0,33,0,07)
18:22:11.447	L(0,04,-0,26,0,17)	R(0,19,-0,33,0,07)
18:22:12.476	L(0,04,-0,29,0,14)	R(0,20,-0,33,0,07)
18:22:13.503	L(-0,01,-0,25,0,25)	R(0,19,-0,33,0,07)
18:22:14.531	L(0,01,-0,26,0,18)	R(0,20,-0,33,0,07)
18:22:15.559	L(0,01,-0,25,0,21)	R(0,19,-0,33,0,06)
18:22:16.587	L(0,00,-0,24,0,22)	R(0,19,-0,33,0,05)
18:22:17.614	L(0,03,-0,26,0,19)	R(0,20,-0,33,0,05)
18:22:18.642	L(-0,06,-0,23,0,31)	R(0,20,-0,32,0,05)
18:22:19.670	L(-0,04,-0,24,0,29)	R(0,19,-0,33,0,06)
18:22:20.698	L(-0,04,-0,22,0,26)	R(0,19,-0,33,0,06)
18:22:21.725	L(-0,06,-0,18,0,31)	R(0,20,-0,33,0,06)
18:22:22.753	L(-0,06,-0,20,0,29)	R(0,19,-0,33,0,07)
18:22:23.781	L(-0,07,-0,20,0,31)	R(0,19,-0,32,0,07)
18:22:24.809	L(-0,06,-0,23,0,30)	R(0,19,-0,32,0,08)
18:22:25.837	L(-0,08,-0,21,0,32)	R(0,19,-0,32,0,07)
18:22:26.864	L(-0,04,-0,19,0,28)	R(0,19,-0,32,0,07)
18:22:27.892	L(0,05,-0,25,0,20)	R(0,21,-0,33,0,07)
18:22:28.920	L(-0,05,-0,22,0,30)	R(0,20,-0,33,0,06)
18:22:29.962	L(-0,06,-0,21,0,32)	R(0,20,-0,33,0,06)
18:22:31.003	L(-0,02,-0,20,0,26)	R(0,20,-0,33,0,06)
18:22:32.045	L(-0,08,-0,28,0,16)	R(0,19,-0,33,0,06)
18:22:33.089	L(-0,05,-0,21,0,31)	R(0,19,-0,33,0,06)
18:22:34.128	L(-0,05,-0,19,0,31)	R(0,19,-0,33,0,06)
18:22:35.170	L(-0,05,-0,20,0,31)	R(0,19,-0,32,0,06)
18:22:36.211	L(-0,05,-0,22,0,28)	R(0,19,-0,32,0,05)
18:22:37.254	L(-0,05,-0,19,0,30)	R(0,19,-0,32,0,06)
18:22:38.281	L(-0,08,-0,25,0,16)	R(0,18,-0,33,0,05)
18:22:39.309	L(-0,08,-0,18,0,34)	R(0,19,-0,32,0,04)
18:22:40.350	L(-0,07,-0,17,0,34)	R(0,19,-0,32,0,05)
18:22:41.379	L(-0,07,-0,20,0,28)	R(0,19,-0,33,0,05)
18:22:42.407	L(-0,10,-0,19,0,34)	R(0,20,-0,32,0,05)
18:22:43.434	L(-0,11,-0,22,0,24)	R(0,18,-0,33,0,06)
18:22:44.462	L(-0,10,-0,20,0,22)	R(0,18,-0,33,0,06)
18:22:45.504	L(-0,08,-0,18,0,32)	R(0,19,-0,33,0,06)
18:22:46.531	L(-0,10,-0,20,0,32)	R(0,18,-0,33,0,06)
18:22:47.559	L(-0,14,-0,29,0,14)	R(0,17,-0,34,0,06)
18:22:48.587	L(-0,06,-0,21,0,29)	R(0,18,-0,33,0,05)
18:22:49.615	L(-0,05,-0,19,0,32)	R(0,18,-0,33,0,06)
18:22:50.642	L(-0,06,-0,17,0,34)	R(0,19,-0,33,0,06)
18:22:51.671	L(-0,10,-0,19,0,30)	R(0,18,-0,33,0,06)
18:22:52.712	L(-0,12,-0,19,0,31)	R(0,18,-0,33,0,06)
18:22:53.740	L(-0,12,-0,20,0,27)	R(0,18,-0,33,0,06)
18:22:54.782	L(-0,16,-0,27,0,13)	R(0,17,-0,33,0,06)
18:22:55.809	L(-0,07,-0,21,0,17)	R(0,17,-0,33,0,05)
18:22:56.837	L(-0,08,-0,16,0,33)	R(0,18,-0,32,0,06)
18:22:57.864	L(-0,09,-0,16,0,33)	R(0,19,-0,33,0,06)
18:22:58.892	L(-0,11,-0,16,0,34)	R(0,18,-0,33,0,06)
18:22:59.920	L(-0,10,-0,14,0,28)	R(0,18,-0,33,0,06)
18:23:00.948	L(-0,10,-0,13,0,30)	R(0,18,-0,33,0,06)
18:23:01.975	L(-0,12,-0,16,0,31)	R(0,18,-0,33,0,05)
18:23:03.004	L(-0,10,-0,19,0,33)	R(0,19,-0,32,0,06)
18:23:04.031	L(-0,09,-0,14,0,35)	R(0,18,-0,33,0,06)
18:23:05.059	L(-0,07,-0,15,0,35)	R(0,19,-0,33,0,04)
18:23:06.086	L(-0,11,-0,14,0,37)	R(0,20,-0,33,0,05)
18:23:07.114	L(-0,11,-0,17,0,34)	R(0,20,-0,33,0,02)
18:23:08.142	L(-0,12,-0,18,0,31)	R(0,20,-0,33,0,02)
18:23:09.170	L(-0,06,-0,23,0,23)	R(0,21,-0,34,0,03)
18:23:10.205	L(-0,09,-0,20,0,27)	R(0,20,-0,34,0,04)
18:23:11.210	L(-0,11,-0,14,0,35)	R(0,21,-0,34,0,03)
18:23:12.239	L(-0,11,-0,15,0,34)	R(0,15,-0,31,0,03)
18:23:13.267	L(-0,10,-0,18,0,34)	R(0,16,-0,31,0,03)
18:23:14.295	L(-0,11,-0,15,0,35)	R(0,16,-0,31,0,03)
18:23:15.323	L(-0,14,-0,19,0,34)	R(0,15,-0,32,0,03)
18:23:16.351	L(-0,10,-0,26,0,28)	R(0,16,-0,33,0,03)
18:23:17.379	L(-0,07,-0,24,0,23)	R(0,16,-0,33,0,03)
18:23:18.407	L(0,09,-0,25,0,11)	R(0,18,-0,34,0,02)
18:23:19.434	L(0,08,-0,28,0,13)	R(0,18,-0,34,0,03)
18:23:20.462	L(-0,07,-0,19,0,31)	R(0,18,-0,34,0,03)
18:23:21.489	L(-0,09,-0,21,0,28)	R(0,18,-0,34,0,04)
18:23:22.518	L(-0,08,-0,22,0,30)	R(0,18,-0,34,0,04)
18:23:23.545	L(-0,10,-0,20,0,32)	R(0,18,-0,34,0,04)
18:23:24.572	L(-0,08,-0,17,0,33)	R(0,18,-0,34,0,04)
18:23:25.601	L(-0,04,-0,25,0,30)	R(0,18,-0,34,0,04)
18:23:26.629	L(-0,04,-0,27,0,28)	R(0,18,-0,34,0,03)
18:23:27.671	L(-0,06,-0,28,0,23)	R(0,18,-0,34,0,03)
18:23:28.698	L(-0,08,-0,32,0,10)	R(0,17,-0,34,0,03)
18:23:29.725	L(-0,07,-0,21,0,32)	R(0,18,-0,34,0,03)
18:23:30.753	L(-0,06,-0,20,0,35)	R(0,18,-0,34,0,04)
18:23:31.782	L(-0,07,-0,17,0,36)	R(0,18,-0,34,0,03)
18:23:32.809	L(-0,11,-0,17,0,34)	R(0,18,-0,33,0,03)
18:23:33.837	L(-0,12,-0,20,0,31)	R(0,18,-0,34,0,03)
18:23:34.865	L(-0,14,-0,23,0,29)	R(0,18,-0,34,0,03)
18:23:35.892	L(-0,14,-0,23,0,26)	R(0,18,-0,34,0,03)
18:23:36.934	L(-0,10,-0,27,0,25)	R(0,17,-0,34,0,03)
18:23:37.976	L(-0,16,-0,26,0,13)	R(0,16,-0,34,0,04)
18:23:39.004	L(-0,11,-0,29,0,09)	R(0,16,-0,35,0,03)
18:23:40.031	L(-0,10,-0,17,0,35)	R(0,18,-0,34,0,03)
18:23:41.059	L(-0,09,-0,17,0,35)	R(0,19,-0,34,0,02)
18:23:42.087	L(-0,09,-0,17,0,35)	R(0,20,-0,34,0,03)
18:23:43.114	L(-0,10,-0,18,0,36)	R(0,20,-0,34,0,03)
18:23:44.142	L(-0,12,-0,18,0,35)	R(0,20,-0,34,0,03)
18:23:45.170	L(-0,12,-0,15,0,33)	R(0,17,-0,27,0,02)
18:23:46.198	L(-0,12,-0,15,0,35)	R(0,17,-0,29,0,03)
18:23:47.225	L(-0,13,-0,16,0,36)	R(0,17,-0,29,0,03)
18:23:48.254	L(-0,08,-0,16,0,37)	R(0,18,-0,29,0,02)
18:23:49.282	L(-0,08,-0,16,0,37)	R(0,19,-0,29,0,02)
18:23:50.309	L(-0,10,-0,17,0,36)	R(0,19,-0,29,0,02)
18:23:51.337	L(-0,13,-0,18,0,35)	R(0,17,-0,29,0,02)
18:23:52.365	L(-0,08,-0,18,0,32)	R(0,17,-0,30,0,03)
18:23:53.392	L(0,08,-0,25,0,17)	R(0,19,-0,32,0,03)
18:23:54.420	L(0,07,-0,24,0,15)	R(0,18,-0,32,0,03)
18:23:55.448	L(-0,09,-0,20,0,34)	R(0,19,-0,32,0,04)
18:23:56.475	L(-0,05,-0,20,0,35)	R(0,19,-0,32,0,04)
18:23:57.503	L(-0,04,-0,26,0,28)	R(0,20,-0,32,0,04)
18:23:58.531	L(0,07,-0,23,0,18)	R(0,19,-0,32,0,03)
18:23:59.559	L(-0,03,-0,21,0,25)	R(0,19,-0,32,0,03)
18:24:00.586	L(-0,07,-0,21,0,31)	R(0,19,-0,32,0,03)
18:24:01.614	L(-0,04,-0,22,0,34)	R(0,19,-0,32,0,03)
18:24:02.643	L(-0,05,-0,26,0,30)	R(0,19,-0,32,0,03)
18:24:03.670	L(-0,06,-0,28,0,25)	R(0,19,-0,32,0,03)
18:24:04.699	L(-0,11,-0,34,0,10)	R(0,17,-0,32,0,03)
18:24:05.726	L(0,00,-0,24,0,28)	R(0,20,-0,32,0,03)
18:24:06.753	L(-0,02,-0,25,0,30)	R(0,20,-0,32,0,04)
18:24:07.783	L(-0,03,-0,25,0,31)	R(0,20,-0,32,0,05)
18:24:08.810	L(-0,07,-0,27,0,22)	R(0,20,-0,32,0,04)
18:24:09.851	L(-0,05,-0,35,0,08)	R(0,19,-0,33,0,04)
18:24:10.879	L(0,02,-0,26,0,11)	R(0,17,-0,26,0,05)
18:24:11.906	L(-0,01,-0,26,0,10)	R(0,05,-0,19,0,21)
18:24:12.933	L(-0,02,-0,26,0,07)	R(0,03,-0,13,0,34)
18:24:13.962	L(-0,01,-0,27,0,07)	R(0,04,-0,20,0,27)
18:24:14.990	L(-0,01,-0,27,0,07)	R(0,04,-0,20,0,25)
18:24:16.018	L(0,00,-0,27,0,09)	R(0,03,-0,21,0,22)
18:24:17.046	L(-0,02,-0,22,0,19)	R(0,08,-0,21,0,20)
18:24:18.073	L(-0,02,-0,23,0,27)	R(0,18,-0,28,0,07)
18:24:19.100	L(-0,05,-0,22,0,30)	R(0,18,-0,28,0,07)
18:24:20.128	L(-0,04,-0,24,0,30)	R(0,24,-0,28,0,09)
18:24:21.156	L(-0,05,-0,23,0,31)	R(0,26,-0,24,0,06)
18:24:22.184	L(-0,04,-0,22,0,31)	R(0,27,-0,24,0,04)
18:24:23.212	L(-0,07,-0,18,0,35)	R(0,28,-0,24,0,07)
18:24:24.222	L(-0,07,-0,16,0,36)	R(0,28,-0,25,0,07)
18:24:25.244	L(-0,08,-0,17,0,35)	R(0,28,-0,25,0,06)
18:24:26.252	L(-0,09,-0,17,0,31)	R(0,27,-0,26,0,05)
18:24:27.281	L(-0,09,-0,19,0,30)	R(0,27,-0,26,0,05)
18:24:28.309	L(-0,06,-0,24,0,21)	R(0,26,-0,26,0,04)
18:24:29.336	L(0,11,-0,20,0,11)	R(0,28,-0,27,0,04)
18:24:30.364	L(0,13,-0,26,0,12)	R(0,29,-0,27,0,04)
18:24:31.392	L(-0,02,-0,22,0,23)	R(0,27,-0,27,0,05)
18:24:32.420	L(-0,04,-0,19,0,26)	R(0,27,-0,27,0,05)
18:24:33.448	L(0,00,-0,24,0,25)	R(0,27,-0,27,0,05)
18:24:34.475	L(-0,01,-0,28,0,25)	R(0,27,-0,27,0,05)
18:24:35.503	L(-0,01,-0,28,0,22)	R(0,27,-0,27,0,05)
18:24:36.546	L(-0,02,-0,29,0,22)	R(0,27,-0,27,0,06)
18:24:37.587	L(-0,05,-0,35,0,05)	R(0,25,-0,26,0,05)
18:24:38.629	L(0,04,-0,27,0,10)	R(0,20,-0,09,-0,02)
18:24:39.656	L(0,11,-0,31,0,00)	R(0,18,-0,01,-0,11)
18:24:40.697	L(0,03,0,03,-0,05)	R(0,20,0,00,-0,13)
18:24:41.727	L(0,01,0,06,-0,07)	R(0,17,0,02,-0,15)
18:24:42.754	L(-0,13,-0,06,-0,01)	R(0,05,-0,10,-0,10)
18:24:43.759	L(-0,13,0,01,0,04)	R(0,13,0,02,-0,14)
18:24:44.818	L(-0,09,0,04,0,01)	R(0,04,0,01,-0,20)
18:24:45.838	L(-0,02,-0,28,0,23)	R(0,16,-0,22,0,03)
18:24:46.880	L(-0,03,-0,29,0,17)	R(0,18,-0,26,0,01)
18:24:47.921	L(-0,15,-0,33,0,08)	R(0,15,-0,26,0,03)
18:24:48.951	L(-0,12,-0,17,0,27)	R(0,18,-0,26,0,02)
18:24:49.976	L(-0,10,-0,19,0,27)	R(0,19,-0,27,0,02)
18:24:51.003	L(-0,07,-0,21,0,23)	R(0,19,-0,27,0,03)
18:24:52.031	L(0,13,-0,27,0,09)	R(0,22,-0,27,0,00)
18:24:53.059	L(0,10,-0,26,0,08)	R(0,22,-0,28,-0,01)
18:24:54.087	L(-0,04,-0,23,0,27)	R(0,21,-0,27,0,01)
18:24:55.115	L(0,12,-0,26,0,09)	R(0,22,-0,28,0,00)
18:24:56.142	L(0,12,-0,29,0,08)	R(0,22,-0,28,-0,01)
18:24:57.170	L(-0,01,-0,25,0,23)	R(0,21,-0,28,-0,01)
18:24:58.198	L(0,12,-0,26,0,13)	R(0,22,-0,28,-0,01)
18:24:59.225	L(-0,03,-0,25,0,25)	R(0,21,-0,28,-0,01)
18:25:00.253	L(0,13,-0,25,0,15)	R(0,22,-0,28,-0,02)
18:25:01.281	L(0,02,-0,23,0,21)	R(0,22,-0,28,-0,01)
18:25:02.322	L(0,08,-0,21,0,13)	R(0,21,-0,28,0,00)
18:25:03.351	L(0,15,-0,26,0,10)	R(0,23,-0,29,-0,03)
18:25:04.378	L(0,01,-0,23,0,23)	R(0,23,-0,29,-0,02)
18:25:05.406	L(0,11,-0,23,0,13)	R(0,23,-0,29,-0,01)
18:25:06.434	L(0,12,-0,24,0,12)	R(0,23,-0,29,-0,02)
18:25:07.461	L(0,08,-0,22,0,16)	R(0,22,-0,29,-0,01)
18:25:08.489	L(0,14,-0,25,0,12)	R(0,23,-0,29,-0,02)
18:25:09.517	L(0,03,-0,23,0,21)	R(0,21,-0,29,-0,01)
18:25:10.545	L(0,16,-0,25,0,14)	R(0,23,-0,29,-0,03)
18:25:11.572	L(0,01,-0,23,0,23)	R(0,21,-0,29,-0,01)
18:25:12.600	L(0,15,-0,24,0,11)	R(0,22,-0,29,-0,02)
18:25:13.628	L(0,16,-0,29,0,09)	R(0,24,-0,30,-0,03)
18:25:14.656	L(0,01,-0,26,0,24)	R(0,23,-0,30,-0,01)
18:25:15.684	L(0,16,-0,30,0,11)	R(0,24,-0,30,-0,03)
18:25:16.712	L(0,00,-0,26,0,24)	R(0,23,-0,30,-0,01)
18:25:17.739	L(0,03,-0,25,0,24)	R(0,24,-0,30,-0,02)
18:25:18.767	L(-0,02,-0,21,0,25)	R(0,22,-0,30,-0,01)
18:25:19.795	L(0,00,-0,28,0,24)	R(0,22,-0,30,-0,01)
18:25:20.823	L(-0,01,-0,26,0,27)	R(0,22,-0,30,-0,01)
18:25:21.851	L(0,01,-0,27,0,18)	R(0,22,-0,30,0,00)
18:25:22.879	L(0,17,-0,25,0,13)	R(0,24,-0,30,-0,03)
18:25:23.905	L(0,03,-0,28,0,23)	R(0,23,-0,30,-0,02)
18:25:24.933	L(0,02,-0,26,0,21)	R(0,22,-0,30,0,00)
18:25:25.962	L(0,16,-0,25,0,17)	R(0,24,-0,31,-0,02)
18:25:26.989	L(-0,01,-0,27,0,26)	R(0,22,-0,30,0,00)
18:25:28.017	L(0,17,-0,24,0,10)	R(0,23,-0,30,-0,01)
18:25:29.046	L(0,18,-0,26,0,10)	R(0,24,-0,31,-0,02)
18:25:30.072	L(0,18,-0,27,0,10)	R(0,24,-0,31,-0,02)
18:25:31.100	L(0,01,-0,23,0,24)	R(0,22,-0,30,0,01)
18:25:32.128	L(0,20,-0,26,0,13)	R(0,24,-0,31,-0,01)
18:25:33.156	L(0,19,-0,26,0,12)	R(0,24,-0,31,-0,01)
18:25:34.183	L(-0,02,-0,24,0,28)	R(0,23,-0,31,0,01)
18:25:35.212	L(0,20,-0,25,0,14)	R(0,24,-0,31,-0,01)
18:25:36.240	L(0,13,-0,22,0,14)	R(0,24,-0,31,-0,01)
18:25:37.267	L(0,10,-0,21,0,18)	R(0,23,-0,31,-0,01)
18:25:38.295	L(0,20,-0,25,0,14)	R(0,25,-0,31,-0,02)
18:25:39.323	L(0,07,-0,28,0,08)	R(0,26,-0,31,0,03)
18:25:40.350	L(0,03,-0,29,0,09)	R(0,26,-0,30,0,03)
18:25:41.378	L(0,03,-0,29,0,10)	R(0,23,-0,30,0,02)
18:25:42.406	L(0,03,-0,30,0,09)	R(0,21,-0,30,0,04)
18:25:43.434	L(0,01,-0,29,0,10)	R(0,23,-0,27,0,08)
18:25:44.462	L(0,03,-0,29,0,13)	R(0,22,-0,29,0,07)
18:25:45.488	L(0,04,-0,29,0,13)	R(0,22,-0,29,0,06)
18:25:46.517	L(0,04,-0,29,0,13)	R(0,22,-0,29,0,06)
18:25:47.545	L(0,03,-0,29,0,11)	R(0,24,-0,28,0,07)
18:25:48.572	L(0,02,-0,29,0,11)	R(0,23,-0,28,0,07)
18:25:49.601	L(0,03,-0,29,0,11)	R(0,24,-0,29,0,08)
18:25:50.628	L(0,03,-0,29,0,10)	R(0,24,-0,28,0,09)
18:25:51.656	L(-0,03,-0,29,0,15)	R(0,19,-0,29,0,06)
18:25:52.684	L(-0,11,-0,29,0,22)	R(0,17,-0,29,0,07)
18:25:53.711	L(-0,01,-0,24,0,17)	R(0,18,-0,30,0,05)
18:25:54.752	L(-0,06,-0,26,0,20)	R(0,17,-0,30,0,07)
18:25:55.794	L(0,04,-0,23,0,31)	R(0,19,-0,30,0,07)
18:25:56.794	L(0,05,-0,19,0,27)	R(0,19,-0,31,0,06)
18:25:57.795	L(0,07,-0,23,0,21)	R(0,19,-0,31,0,05)
18:25:58.837	L(0,08,-0,24,0,20)	R(0,20,-0,31,0,05)
18:25:59.878	L(0,04,-0,20,0,23)	R(0,20,-0,31,0,05)
18:26:00.919	L(0,05,-0,24,0,32)	R(0,20,-0,31,0,05)
18:26:01.976	L(0,05,-0,23,0,30)	R(0,21,-0,31,0,05)
18:26:03.031	L(0,04,-0,19,0,25)	R(0,21,-0,31,0,05)
18:26:04.032	L(0,06,-0,24,0,21)	R(0,21,-0,31,0,04)
18:26:05.072	L(0,05,-0,25,0,20)	R(0,20,-0,32,0,04)
18:26:06.114	L(-0,04,-0,21,0,38)	R(0,20,-0,31,0,04)
18:26:07.114	L(-0,03,-0,20,0,23)	R(0,20,-0,32,0,06)
18:26:08.155	L(0,00,-0,22,0,23)	R(0,20,-0,31,0,05)
18:26:09.155	L(0,00,-0,26,0,21)	R(0,20,-0,32,0,05)
18:26:10.198	L(0,00,-0,26,0,21)	R(0,20,-0,31,0,05)
18:26:11.239	L(-0,10,-0,31,0,24)	R(0,18,-0,31,0,05)
18:26:12.281	L(-0,09,-0,31,0,23)	R(0,18,-0,30,0,05)
18:26:13.322	L(-0,06,-0,29,0,18)	R(0,22,-0,28,0,02)
18:26:14.342	L(0,02,-0,29,0,07)	R(0,35,-0,21,-0,12)
18:26:15.349	L(0,04,-0,30,0,07)	R(0,38,-0,19,-0,12)
18:26:16.366	L(0,04,-0,30,0,08)	R(0,50,-0,17,-0,13)
18:26:17.458	L(0,04,-0,30,0,08)	R(0,45,-0,18,-0,10)
18:26:18.447	L(-0,12,-0,32,0,24)	R(0,18,-0,28,0,03)
18:26:19.489	L(-0,07,-0,26,0,18)	R(0,18,-0,29,0,04)
18:26:20.516	L(0,02,-0,27,0,12)	R(0,20,-0,30,0,02)
18:26:21.566	L(0,03,-0,28,0,12)	R(0,21,-0,30,0,02)
18:26:22.571	L(0,01,-0,28,0,09)	R(0,20,-0,30,0,02)
18:26:23.571	L(-0,07,-0,28,0,13)	R(0,18,-0,30,0,05)
18:26:24.613	L(0,03,-0,28,0,09)	R(0,22,-0,28,0,06)
18:26:25.625	L(0,08,-0,26,0,11)	R(0,24,-0,29,0,04)
18:26:26.625	L(0,08,-0,27,0,11)	R(0,17,0,02,-0,20)
18:26:27.629	L(0,10,-0,28,0,10)	R(0,07,0,00,-0,23)
18:26:28.629	L(0,10,-0,28,0,09)	R(0,06,-0,02,-0,24)
18:26:29.642	L(0,19,-0,28,0,12)	R(0,25,-0,28,-0,04)
18:26:30.683	L(0,10,-0,25,0,11)	R(0,23,-0,31,0,00)
18:26:31.725	L(-0,05,-0,27,0,14)	R(0,18,-0,31,0,05)
18:26:32.767	L(-0,05,-0,27,0,14)	R(0,17,-0,31,0,04)
18:26:33.809	L(-0,04,-0,27,0,13)	R(0,18,-0,31,0,03)
18:26:34.850	L(-0,04,-0,27,0,13)	R(0,18,-0,32,0,04)
18:26:35.891	L(-0,05,-0,26,0,14)	R(0,18,-0,32,0,04)
18:26:36.933	L(-0,05,-0,27,0,14)	R(0,17,-0,32,0,04)
18:26:37.975	L(0,24,-0,23,0,16)	R(0,22,-0,32,-0,01)
18:26:39.017	L(0,24,-0,23,0,17)	R(0,23,-0,32,-0,01)
18:26:40.059	L(0,27,-0,24,0,18)	R(0,24,-0,32,-0,01)
18:26:41.100	L(0,11,-0,25,0,10)	R(0,25,-0,27,0,07)
18:26:42.142	L(0,01,-0,27,0,10)	R(0,25,-0,25,0,15)
18:26:43.183	L(-0,01,-0,26,0,11)	R(0,27,-0,22,0,18)
18:26:44.225	L(-0,02,-0,26,0,09)	R(0,25,-0,22,0,17)
18:26:45.267	L(-0,01,-0,26,0,08)	R(0,28,-0,25,0,16)
18:26:46.309	L(0,00,-0,26,0,08)	R(0,32,-0,20,0,18)
18:26:47.350	L(-0,01,-0,26,0,08)	R(0,29,-0,22,0,18)
18:26:48.392	L(0,01,-0,26,0,07)	R(0,30,-0,21,0,18)
18:26:49.447	L(0,21,-0,20,0,15)	R(0,23,-0,25,0,06)
18:26:50.489	L(0,25,-0,23,0,18)	R(0,24,-0,26,0,05)
18:26:51.531	L(0,27,-0,19,0,22)	R(0,24,-0,26,0,05)
18:26:52.572	L(0,25,-0,23,0,19)	R(0,24,-0,26,0,05)
18:26:53.614	L(0,24,-0,26,0,17)	R(0,24,-0,27,0,05)
18:26:54.655	L(0,19,-0,29,0,12)	R(0,23,-0,30,0,04)
18:26:55.697	L(0,19,-0,32,0,10)	R(0,25,-0,32,0,03)
18:26:56.756	L(0,03,-0,30,0,12)	R(0,21,-0,33,0,05)
18:26:57.803	L(0,04,-0,30,0,12)	R(0,20,-0,33,0,04)
18:26:58.822	L(0,03,-0,29,0,11)	R(0,21,-0,33,0,05)
18:26:59.822	L(0,05,-0,31,0,06)	R(0,24,-0,28,0,07)
18:27:00.864	L(-0,04,-0,31,0,07)	R(0,27,-0,19,0,13)
18:27:01.906	L(-0,01,-0,30,0,07)	R(0,30,-0,20,0,16)
18:27:02.948	L(-0,01,-0,30,0,06)	R(0,33,-0,18,0,17)
18:27:03.989	L(-0,01,-0,31,0,07)	R(0,35,-0,17,0,19)
18:27:05.031	L(-0,01,-0,31,0,07)	R(0,35,-0,18,0,19)
18:27:06.072	L(0,00,-0,31,0,06)	R(0,29,-0,25,0,15)
18:27:07.114	L(0,00,-0,31,0,06)	R(0,29,-0,26,0,16)
18:27:08.155	L(-0,01,-0,31,0,06)	R(0,29,-0,25,0,16)
18:27:09.198	L(0,17,-0,28,0,10)	R(0,20,-0,29,0,00)
18:27:10.239	L(0,19,-0,26,0,12)	R(0,21,-0,31,0,00)
18:27:11.239	L(-0,03,-0,27,0,13)	R(0,17,-0,31,0,02)
18:27:12.281	L(-0,05,-0,28,0,14)	R(0,15,-0,31,0,02)
18:27:13.322	L(-0,03,-0,28,0,13)	R(0,15,-0,32,0,02)
18:27:14.365	L(-0,01,-0,27,0,13)	R(0,16,-0,32,0,02)
18:27:15.409	L(0,01,-0,29,0,13)	R(0,17,-0,32,0,02)
18:27:16.460	L(0,01,-0,28,0,13)	R(0,18,-0,32,0,03)
18:27:17.461	L(0,02,-0,28,0,13)	R(0,18,-0,32,0,03)
18:27:18.503	L(0,02,-0,28,0,12)	R(0,18,-0,32,0,03)
18:27:19.545	L(0,02,-0,29,0,12)	R(0,18,-0,32,0,03)
18:27:20.599	L(0,02,-0,28,0,12)	R(0,18,-0,33,0,03)
18:27:21.641	L(0,03,-0,28,0,12)	R(0,18,-0,33,0,03)
18:27:22.683	L(0,03,-0,28,0,12)	R(0,18,-0,33,0,03)
18:27:23.725	L(0,02,-0,28,0,12)	R(0,18,-0,33,0,03)
18:27:24.767	L(0,25,-0,22,0,17)	R(0,24,-0,32,-0,01)
18:27:25.809	L(0,29,-0,23,0,20)	R(0,26,-0,33,-0,02)
18:27:26.850	L(0,28,-0,23,0,19)	R(0,26,-0,33,-0,02)
18:27:27.891	L(0,11,-0,23,0,16)	R(0,22,-0,33,0,01)
18:27:28.933	L(-0,06,-0,26,0,14)	R(0,17,-0,33,0,03)
18:27:29.975	L(-0,05,-0,27,0,13)	R(0,17,-0,33,0,03)
18:27:31.017	L(0,25,-0,23,0,17)	R(0,23,-0,34,-0,01)
18:27:32.058	L(0,27,-0,24,0,18)	R(0,26,-0,34,0,00)
18:27:33.100	L(0,28,-0,22,0,19)	R(0,26,-0,34,-0,01)
18:27:34.142	L(0,27,-0,22,0,18)	R(0,26,-0,34,-0,01)
18:27:35.184	L(0,28,-0,16,0,21)	R(0,24,-0,34,-0,01)
18:27:36.226	L(0,26,-0,21,0,19)	R(0,23,-0,33,-0,02)
18:27:37.267	L(0,28,-0,22,0,20)	R(0,23,-0,34,-0,03)
18:27:38.309	L(0,29,-0,23,0,19)	R(0,24,-0,34,-0,03)
18:27:39.351	L(0,27,-0,19,0,21)	R(0,24,-0,34,-0,03)
18:27:40.392	L(0,24,-0,27,0,17)	R(0,24,-0,34,-0,03)
18:27:41.433	L(0,07,-0,24,0,13)	R(0,20,-0,35,-0,01)
18:27:42.475	L(-0,01,-0,26,0,13)	R(0,17,-0,34,0,00)
18:27:43.518	L(-0,01,-0,26,0,13)	R(0,17,-0,34,0,00)
18:27:44.559	L(0,17,-0,21,0,12)	R(0,18,-0,34,-0,02)
18:27:45.600	L(0,27,-0,22,0,19)	R(0,25,-0,34,-0,03)
18:27:46.643	L(0,28,-0,22,0,20)	R(0,25,-0,34,-0,03)
18:27:47.684	L(0,29,-0,22,0,20)	R(0,26,-0,35,-0,04)
18:27:48.726	L(0,08,-0,24,0,13)	R(0,21,-0,35,-0,01)
18:27:49.767	L(0,06,-0,26,0,11)	R(0,20,-0,35,-0,01)
18:27:50.809	L(0,06,-0,26,0,11)	R(0,21,-0,35,-0,01)
18:27:51.851	L(0,28,-0,23,0,19)	R(0,25,-0,34,-0,02)
18:27:52.892	L(0,27,-0,23,0,18)	R(0,26,-0,35,-0,02)
18:27:53.933	L(0,10,-0,26,0,12)	R(0,22,-0,35,0,00)
18:27:54.976	L(0,10,-0,27,0,10)	R(0,22,-0,35,0,00)
18:27:56.017	L(0,10,-0,27,0,10)	R(0,22,-0,35,0,00)
18:27:57.059	L(0,11,-0,27,0,06)	R(0,22,-0,35,0,00)
18:27:58.070	L(0,12,-0,29,0,03)	R(0,35,-0,26,-0,14)
18:27:59.083	L(0,13,-0,29,0,02)	R(0,47,-0,17,-0,17)
18:28:00.087	L(0,17,-0,29,0,02)	R(0,50,-0,17,-0,17)
18:28:01.104	L(0,16,-0,29,0,00)	R(0,44,-0,16,-0,18)
18:28:02.127	L(0,16,-0,28,-0,01)	R(0,44,-0,18,-0,17)
18:28:03.153	L(0,38,-0,10,-0,11)	R(0,37,-0,34,-0,17)
18:28:04.167	L(0,47,-0,14,-0,11)	R(0,37,-0,34,-0,20)
18:28:05.168	L(0,49,-0,15,-0,11)	R(0,39,-0,30,-0,21)
18:28:06.199	L(0,00,-0,30,0,11)	R(0,16,-0,31,0,07)
18:28:07.253	L(-0,03,-0,30,0,12)	R(0,15,-0,31,0,09)
18:28:08.294	L(-0,02,-0,25,0,13)	R(0,15,-0,31,0,07)
18:28:09.337	L(-0,03,-0,26,0,12)	R(0,15,-0,32,0,08)
18:28:10.379	L(-0,05,-0,28,0,11)	R(0,15,-0,32,0,08)
18:28:11.420	L(-0,02,-0,25,0,13)	R(0,16,-0,32,0,08)
18:28:12.462	L(-0,03,-0,26,0,14)	R(0,16,-0,32,0,08)
18:28:13.504	L(-0,03,-0,26,0,14)	R(0,16,-0,32,0,08)
18:28:14.545	L(-0,03,-0,27,0,14)	R(0,16,-0,33,0,08)
18:28:15.587	L(-0,01,-0,26,0,13)	R(0,16,-0,33,0,08)
18:28:16.628	L(0,00,-0,27,0,13)	R(0,17,-0,33,0,08)
18:28:17.670	L(-0,03,-0,27,0,13)	R(0,16,-0,33,0,08)
18:28:18.712	L(-0,03,-0,25,0,13)	R(0,16,-0,33,0,08)
18:28:19.753	L(-0,04,-0,23,0,13)	R(0,15,-0,32,0,08)
18:28:20.795	L(-0,05,-0,27,0,14)	R(0,15,-0,33,0,07)
18:28:21.836	L(-0,04,-0,27,0,14)	R(0,16,-0,33,0,07)
18:28:22.878	L(-0,07,-0,30,0,12)	R(0,16,-0,32,0,08)
18:28:23.920	L(-0,06,-0,32,0,14)	R(0,16,-0,33,0,09)
18:28:24.961	L(-0,06,-0,31,0,14)	R(0,15,-0,30,0,08)
18:28:26.004	L(-0,07,-0,29,0,14)	R(0,15,-0,30,0,09)
18:28:27.045	L(-0,03,-0,25,0,13)	R(0,15,-0,30,0,08)
18:28:28.087	L(-0,04,-0,27,0,14)	R(0,15,-0,30,0,08)
18:28:29.128	L(-0,04,-0,27,0,14)	R(0,15,-0,31,0,08)
18:28:30.169	L(-0,04,-0,27,0,14)	R(0,16,-0,30,0,08)
18:28:31.212	L(-0,04,-0,26,0,13)	R(0,16,-0,30,0,08)
18:28:32.253	L(-0,05,-0,26,0,14)	R(0,16,-0,31,0,08)
18:28:33.295	L(-0,05,-0,27,0,14)	R(0,16,-0,31,0,08)
18:28:34.337	L(0,00,-0,21,0,30)	R(0,17,-0,32,0,08)
18:28:35.378	L(-0,02,-0,18,0,29)	R(0,19,-0,32,0,07)
18:28:36.379	L(-0,09,-0,26,0,34)	R(0,19,-0,32,0,08)
18:28:37.420	L(-0,03,-0,22,0,31)	R(0,18,-0,32,0,08)
18:28:38.461	L(0,01,-0,22,0,33)	R(0,20,-0,32,0,08)
18:28:39.504	L(-0,07,-0,18,0,19)	R(0,18,-0,32,0,09)
18:28:40.545	L(-0,07,-0,19,0,21)	R(0,19,-0,32,0,08)
18:28:41.587	L(-0,06,-0,19,0,19)	R(0,19,-0,32,0,08)
18:28:42.628	L(-0,06,-0,20,0,17)	R(0,19,-0,32,0,07)
18:28:43.670	L(-0,07,-0,20,0,18)	R(0,19,-0,32,0,07)
18:28:44.712	L(-0,08,-0,19,0,16)	R(0,19,-0,32,0,07)
18:28:45.753	L(-0,08,-0,19,0,15)	R(0,19,-0,32,0,06)
18:28:46.795	L(-0,09,-0,20,0,14)	R(0,18,-0,32,0,05)
18:28:47.837	L(-0,06,-0,20,0,14)	R(0,19,-0,32,0,05)
18:28:48.880	L(-0,06,-0,20,0,15)	R(0,19,-0,32,0,05)
18:28:49.920	L(-0,04,-0,18,0,17)	R(0,20,-0,32,0,05)
18:28:50.961	L(-0,03,-0,19,0,20)	R(0,21,-0,32,0,06)
18:28:52.004	L(-0,01,-0,19,0,19)	R(0,22,-0,33,0,06)
18:28:53.045	L(-0,02,-0,20,0,17)	R(0,22,-0,33,0,06)
18:28:54.087	L(-0,02,-0,19,0,16)	R(0,22,-0,33,0,05)
18:28:55.128	L(-0,03,-0,19,0,13)	R(0,21,-0,33,0,05)
18:28:56.170	L(-0,04,-0,19,0,12)	R(0,21,-0,33,0,04)
18:28:57.170	L(-0,05,-0,20,0,13)	R(0,20,-0,33,0,04)
18:28:58.212	L(-0,04,-0,20,0,15)	R(0,21,-0,33,0,05)
18:28:59.253	L(0,00,-0,19,0,17)	R(0,22,-0,33,0,05)
18:29:00.295	L(0,01,-0,19,0,18)	R(0,23,-0,33,0,05)
18:29:01.337	L(0,02,-0,19,0,16)	R(0,23,-0,34,0,04)
18:29:02.379	L(0,01,-0,19,0,14)	R(0,23,-0,34,0,04)
18:29:03.420	L(0,00,-0,19,0,13)	R(0,22,-0,33,0,03)
18:29:04.461	L(-0,01,-0,20,0,12)	R(0,22,-0,33,0,03)
18:29:05.504	L(-0,02,-0,20,0,12)	R(0,22,-0,33,0,03)
18:29:06.545	L(-0,01,-0,20,0,15)	R(0,22,-0,33,0,03)
18:29:07.587	L(0,00,-0,20,0,15)	R(0,21,-0,46,0,01)
18:29:08.629	L(0,03,-0,20,0,17)	R(0,23,-0,47,0,02)
18:29:09.671	L(0,05,-0,20,0,17)	R(0,23,-0,47,0,02)
18:29:10.712	L(0,04,-0,20,0,14)	R(0,23,-0,47,0,02)
18:29:11.753	L(0,04,-0,21,0,12)	R(0,22,-0,47,0,01)
18:29:12.795	L(0,03,-0,21,0,10)	R(0,22,-0,47,0,01)
18:29:13.837	L(0,02,-0,20,0,12)	R(0,22,-0,47,0,02)
18:29:14.879	L(0,03,-0,20,0,13)	R(0,22,-0,47,0,01)
18:29:15.920	L(0,07,-0,20,0,17)	R(0,23,-0,47,0,01)
18:29:16.961	L(0,07,-0,20,0,15)	R(0,23,-0,48,0,01)
18:29:18.003	L(0,06,-0,20,0,13)	R(0,23,-0,47,0,01)
18:29:19.004	L(0,05,-0,20,0,10)	R(0,23,-0,47,0,01)
18:29:20.045	L(0,07,-0,20,0,10)	R(0,23,-0,47,0,00)
18:29:21.087	L(0,08,-0,21,0,13)	R(0,24,-0,47,0,01)
18:29:22.128	L(0,09,-0,21,0,14)	R(0,24,-0,47,0,01)
18:29:23.170	L(0,09,-0,21,0,15)	R(0,24,-0,48,0,02)
18:29:24.211	L(0,10,-0,18,0,14)	R(0,24,-0,48,0,02)
18:29:25.253	L(0,21,-0,27,0,15)	R(0,24,-0,45,0,01)
18:29:26.294	L(-0,01,-0,27,0,09)	R(0,21,-0,31,0,01)
18:29:27.335	L(-0,06,-0,31,0,13)	R(0,15,-0,31,0,06)
18:29:28.378	L(-0,06,-0,28,0,13)	R(0,13,-0,30,0,08)
18:29:29.433	L(-0,09,-0,29,0,14)	R(0,12,-0,30,0,08)
18:29:30.475	L(-0,06,-0,29,0,13)	R(0,13,-0,30,0,08)
18:29:31.517	L(-0,06,-0,27,0,13)	R(0,12,-0,29,0,09)
18:29:32.559	L(-0,05,-0,27,0,14)	R(0,13,-0,28,0,08)
18:29:33.614	L(-0,05,-0,27,0,14)	R(0,13,-0,28,0,09)
18:29:34.614	L(-0,06,-0,30,0,14)	R(0,13,-0,29,0,09)
18:29:35.656	L(-0,07,-0,26,0,14)	R(0,12,-0,27,0,10)
18:29:36.698	L(-0,10,-0,28,0,14)	R(0,11,-0,27,0,09)
18:29:37.741	L(-0,06,-0,26,0,14)	R(0,13,-0,27,0,09)
18:29:38.784	L(-0,04,-0,19,0,15)	R(0,02,-0,29,0,10)
18:29:39.826	L(0,02,-0,17,0,16)	R(-0,07,-0,32,0,06)
18:29:40.825	L(-0,01,-0,23,0,13)	R(-0,01,-0,33,0,04)
18:29:41.867	L(0,01,-0,22,0,12)	R(-0,01,-0,33,0,03)
18:29:42.906	L(-0,04,-0,27,0,09)	R(0,09,-0,32,0,01)
18:29:43.947	L(-0,16,-0,31,0,19)	R(0,18,-0,29,0,04)
18:29:44.989	L(-0,07,-0,23,0,13)	R(0,19,-0,29,0,05)
18:29:46.045	L(-0,07,-0,27,0,16)	R(0,19,-0,30,0,05)
18:29:47.100	L(-0,03,-0,26,0,09)	R(0,22,-0,28,0,07)
18:29:48.100	L(0,25,-0,22,0,17)	R(0,27,-0,28,0,03)
18:29:49.142	L(0,25,-0,22,0,18)	R(0,28,-0,28,0,01)
18:29:50.184	L(0,25,-0,22,0,15)	R(0,29,-0,29,0,00)
18:29:51.225	L(-0,10,-0,27,0,20)	R(0,20,-0,29,0,06)
18:29:52.281	L(-0,10,-0,25,0,19)	R(0,19,-0,29,0,05)
18:29:53.280	L(0,26,-0,22,0,18)	R(0,25,-0,29,0,01)
18:29:54.322	L(0,28,-0,18,0,21)	R(0,26,-0,29,0,00)
18:29:55.365	L(0,25,-0,18,0,21)	R(0,26,-0,29,0,00)
18:29:56.406	L(0,27,-0,18,0,21)	R(0,26,-0,29,0,00)
18:29:57.448	L(0,27,-0,19,0,22)	R(0,27,-0,27,0,00)
18:29:58.489	L(0,28,-0,20,0,21)	R(0,26,-0,24,0,01)
18:29:59.531	L(0,28,-0,20,0,22)	R(0,27,-0,24,0,02)
18:30:00.572	L(0,25,-0,27,0,16)	R(0,26,-0,26,0,01)
18:30:01.627	L(0,01,-0,24,0,11)	R(0,20,-0,27,0,03)
18:30:02.670	L(-0,02,-0,24,0,13)	R(0,18,-0,27,0,03)
18:30:03.712	L(-0,02,-0,25,0,14)	R(0,18,-0,27,0,04)
18:30:04.753	L(0,22,-0,21,0,16)	R(0,23,-0,27,0,01)
18:30:05.795	L(0,27,-0,19,0,19)	R(0,26,-0,27,0,00)
18:30:06.837	L(0,27,-0,18,0,21)	R(0,26,-0,27,0,01)
18:30:07.879	L(0,25,-0,17,0,21)	R(0,24,-0,27,0,00)
18:30:08.920	L(0,25,-0,14,0,21)	R(0,24,-0,27,0,00)
18:30:09.962	L(0,26,-0,15,0,22)	R(0,24,-0,27,0,00)
18:30:11.004	L(0,25,-0,21,0,18)	R(0,24,-0,27,0,00)
18:30:12.045	L(0,26,-0,24,0,17)	R(0,25,-0,27,-0,01)
18:30:13.086	L(0,28,-0,20,0,20)	R(0,25,-0,26,-0,01)
18:30:14.128	L(0,27,-0,16,0,22)	R(0,23,-0,26,-0,01)
18:30:15.170	L(0,27,-0,15,0,22)	R(0,23,-0,26,-0,02)
18:30:16.212	L(0,29,-0,17,0,20)	R(0,23,-0,26,-0,03)
18:30:17.253	L(0,25,-0,17,0,23)	R(0,22,-0,26,-0,03)
18:30:18.295	L(0,26,-0,17,0,23)	R(0,23,-0,26,-0,03)
18:30:19.337	L(0,29,-0,14,0,23)	R(0,24,-0,26,-0,03)
18:30:20.378	L(0,23,-0,20,0,16)	R(0,21,-0,27,-0,03)
18:30:21.424	L(0,23,-0,25,0,14)	R(0,22,-0,27,0,00)
18:30:22.461	L(0,19,-0,23,0,15)	R(0,20,-0,27,0,01)
18:30:23.507	L(0,09,-0,27,0,14)	R(0,20,-0,28,0,02)
18:30:24.548	L(-0,01,-0,13,0,15)	R(0,19,-0,28,0,02)
18:30:25.591	L(0,03,-0,24,0,12)	R(0,21,-0,28,0,00)
18:30:26.630	L(0,04,-0,22,0,11)	R(0,21,-0,28,-0,01)
18:30:27.669	L(0,19,-0,22,0,08)	R(0,23,-0,28,-0,01)
18:30:28.712	L(0,27,-0,18,0,21)	R(0,27,-0,28,-0,02)
18:30:29.753	L(0,29,-0,19,0,23)	R(0,28,-0,28,-0,01)
18:30:30.794	L(0,26,-0,20,0,22)	R(0,27,-0,28,-0,01)
18:30:31.837	L(0,26,-0,21,0,21)	R(0,29,-0,26,0,04)
18:30:32.878	L(0,17,-0,22,0,07)	R(0,29,-0,23,0,09)
18:30:33.920	L(0,18,-0,22,0,07)	R(0,29,-0,24,0,08)
18:30:34.961	L(0,26,-0,22,0,15)	R(0,27,-0,28,-0,01)
18:30:36.003	L(0,25,-0,26,0,15)	R(0,27,-0,29,-0,01)
18:30:37.045	L(0,26,-0,24,0,15)	R(0,26,-0,29,-0,01)
18:30:38.091	L(0,24,-0,24,0,17)	R(0,26,-0,30,0,00)
18:30:39.137	L(-0,03,-0,12,0,14)	R(0,21,-0,31,0,01)
18:30:40.147	L(0,02,-0,22,0,13)	R(0,22,-0,31,-0,01)
18:30:41.187	L(0,03,-0,23,0,13)	R(0,22,-0,31,0,00)
18:30:42.226	L(0,03,-0,24,0,09)	R(0,22,-0,31,0,00)
18:30:43.270	L(0,00,-0,25,0,14)	R(0,21,-0,32,0,00)
18:30:44.270	L(0,00,-0,23,0,12)	R(0,21,-0,32,0,01)
18:30:45.309	L(0,05,-0,25,0,07)	R(0,21,-0,32,0,00)
18:30:46.351	L(0,28,-0,21,0,21)	R(0,26,-0,32,0,00)
18:30:47.392	L(0,28,-0,18,0,22)	R(0,25,-0,31,0,01)
18:30:48.434	L(0,27,-0,22,0,20)	R(0,26,-0,31,-0,01)
18:30:49.475	L(0,24,-0,23,0,16)	R(0,25,-0,32,-0,01)
18:30:50.517	L(0,17,-0,27,0,13)	R(0,23,-0,32,0,00)
18:30:51.559	L(0,15,-0,25,0,10)	R(0,22,-0,32,0,00)
18:30:52.601	L(-0,03,-0,26,0,07)	R(0,18,-0,32,0,01)
18:30:53.643	L(-0,06,-0,27,0,08)	R(0,17,-0,32,0,02)
18:30:54.684	L(-0,06,-0,28,0,08)	R(0,17,-0,32,0,02)
18:30:55.740	L(-0,06,-0,28,0,08)	R(0,17,-0,32,0,02)
18:30:56.781	L(-0,06,-0,28,0,08)	R(0,17,-0,32,0,02)
18:30:57.825	L(-0,05,-0,27,0,07)	R(0,17,-0,32,0,02)
18:30:58.881	L(-0,05,-0,27,0,09)	R(0,17,-0,32,0,02)
18:30:59.882	L(-0,07,-0,19,0,10)	R(0,18,-0,32,0,02)
18:31:00.878	L(-0,06,-0,23,0,09)	R(0,20,-0,32,0,01)
18:31:01.920	L(0,21,-0,19,0,18)	R(0,23,-0,31,-0,01)
18:31:02.962	L(0,16,-0,24,0,14)	R(0,24,-0,32,-0,01)
18:31:04.004	L(0,12,-0,27,0,09)	R(0,24,-0,32,0,00)
18:31:05.044	L(-0,03,-0,26,0,08)	R(0,19,-0,31,0,02)
18:31:06.102	L(-0,03,-0,26,0,09)	R(0,19,-0,31,0,03)
18:31:07.104	L(-0,04,-0,15,0,10)	R(0,20,-0,32,0,02)
18:31:08.144	L(-0,02,-0,21,0,06)	R(0,22,-0,32,0,01)
18:31:09.182	L(-0,02,-0,20,0,04)	R(0,21,-0,32,0,01)
18:31:10.183	L(0,00,-0,23,0,06)	R(0,21,-0,32,0,02)
18:31:11.239	L(-0,01,-0,21,0,05)	R(0,21,-0,32,0,02)
18:31:12.281	L(-0,03,-0,24,0,07)	R(0,20,-0,32,0,02)
18:31:13.335	L(-0,02,-0,24,0,07)	R(0,20,-0,32,0,03)
18:31:14.336	L(0,03,-0,24,0,04)	R(0,20,-0,32,0,02)
18:31:15.378	L(0,14,-0,30,0,08)	R(0,24,-0,32,0,01)
18:31:16.419	L(0,07,-0,24,0,04)	R(0,23,-0,32,0,02)
18:31:17.461	L(0,03,-0,25,0,06)	R(0,21,-0,32,0,02)
18:31:18.503	L(0,03,-0,26,0,05)	R(0,21,-0,32,0,03)
18:31:19.503	L(0,04,-0,26,0,04)	R(0,22,-0,32,0,02)
18:31:20.544	L(0,03,-0,26,0,05)	R(0,21,-0,32,0,02)
18:31:21.587	L(0,02,-0,26,0,05)	R(0,21,-0,32,0,02)
18:31:22.628	L(0,03,-0,26,0,05)	R(0,21,-0,32,0,02)
18:31:23.683	L(0,02,-0,26,0,05)	R(0,21,-0,32,0,02)
18:31:24.739	L(0,08,-0,26,0,05)	R(0,21,-0,32,0,02)
18:31:25.781	L(0,21,-0,24,0,14)	R(0,24,-0,32,0,00)
18:31:26.836	L(0,20,-0,27,0,11)	R(0,24,-0,32,0,00)
18:31:27.878	L(0,18,-0,28,0,09)	R(0,24,-0,32,0,00)
18:31:28.920	L(0,06,-0,26,0,05)	R(0,21,-0,32,0,01)
18:31:29.961	L(0,05,-0,26,0,04)	R(0,20,-0,32,0,01)
18:31:31.003	L(0,05,-0,26,0,04)	R(0,21,-0,32,0,01)
18:31:32.045	L(0,00,-0,26,0,03)	R(0,19,-0,30,0,00)
18:31:33.100	L(-0,01,-0,27,0,04)	R(0,17,-0,31,0,01)
18:31:34.129	L(0,00,-0,28,0,08)	R(0,17,-0,31,0,01)
18:31:35.172	L(0,01,-0,27,0,11)	R(0,17,-0,31,0,02)
18:31:36.200	L(0,06,-0,23,0,19)	R(0,18,-0,31,0,02)
18:31:37.227	L(0,10,-0,24,0,32)	R(0,19,-0,32,0,01)
18:31:38.255	L(0,09,-0,24,0,31)	R(0,20,-0,32,0,02)
18:31:39.283	L(0,10,-0,20,0,37)	R(0,20,-0,31,0,02)
18:31:40.311	L(0,08,-0,18,0,38)	R(0,20,-0,31,0,01)
18:31:41.338	L(0,11,-0,17,0,26)	R(0,21,-0,31,0,01)
18:31:42.379	L(0,15,-0,22,0,14)	R(0,29,-0,30,-0,01)
18:31:43.407	L(0,13,-0,22,0,16)	R(0,28,-0,30,0,02)
18:31:44.449	L(0,12,-0,22,0,15)	R(0,28,-0,30,0,02)
18:31:45.490	L(0,07,-0,24,0,13)	R(0,24,-0,30,0,02)
18:31:46.518	L(0,04,-0,25,0,12)	R(0,23,-0,30,0,03)
18:31:47.572	L(-0,06,-0,22,0,01)	R(0,17,-0,30,0,03)
18:31:48.627	L(-0,10,-0,20,0,02)	R(0,14,-0,31,0,02)
18:31:49.682	L(-0,10,-0,21,0,04)	R(0,14,-0,31,0,03)
18:31:50.738	L(-0,09,-0,21,0,03)	R(0,14,-0,31,0,04)
18:31:51.739	L(-0,08,-0,21,0,02)	R(0,15,-0,31,0,03)
18:31:52.739	L(-0,09,-0,21,0,00)	R(0,14,-0,31,0,04)
18:31:53.794	L(-0,09,-0,21,-0,02)	R(0,14,-0,31,0,03)
18:31:54.850	L(-0,05,-0,21,-0,01)	R(0,16,-0,31,0,03)
18:31:55.850	L(-0,06,-0,21,0,01)	R(0,15,-0,32,0,04)
18:31:56.906	L(-0,07,-0,22,0,02)	R(0,15,-0,32,0,04)
18:31:57.961	L(-0,07,-0,22,0,05)	R(0,16,-0,32,0,05)
18:31:58.961	L(-0,06,-0,21,0,04)	R(0,16,-0,32,0,04)
18:31:59.961	L(-0,06,-0,21,0,04)	R(0,17,-0,32,0,04)
18:32:01.016	L(-0,05,-0,21,0,03)	R(0,17,-0,32,0,03)
18:32:02.017	L(-0,04,-0,21,0,05)	R(0,18,-0,32,0,04)
18:32:03.073	L(-0,03,-0,21,0,04)	R(0,18,-0,32,0,03)
18:32:04.114	L(-0,02,-0,21,0,03)	R(0,19,-0,32,0,02)
18:32:05.155	L(-0,02,-0,21,0,00)	R(0,19,-0,32,0,01)
18:32:06.198	L(-0,03,-0,22,0,00)	R(0,18,-0,32,0,00)
18:32:07.252	L(-0,04,-0,22,0,02)	R(0,18,-0,32,0,01)
18:32:08.253	L(-0,01,-0,21,0,04)	R(0,19,-0,32,0,02)
18:32:09.309	L(0,00,-0,21,0,05)	R(0,20,-0,33,0,03)
18:32:10.309	L(0,01,-0,22,0,07)	R(0,21,-0,33,0,03)
18:32:11.350	L(0,01,-0,22,0,05)	R(0,21,-0,33,0,03)
18:32:12.351	L(0,01,-0,22,0,03)	R(0,20,-0,33,0,02)
18:32:13.406	L(0,01,-0,22,0,02)	R(0,20,-0,33,0,02)
18:32:14.448	L(0,00,-0,22,0,01)	R(0,20,-0,33,0,02)
18:32:15.489	L(0,00,-0,22,0,03)	R(0,20,-0,33,0,02)
18:32:16.545	L(0,03,-0,21,0,02)	R(0,20,-0,33,0,03)
18:32:17.587	L(0,03,-0,21,0,02)	R(0,20,-0,33,0,03)
18:32:18.628	L(0,05,-0,22,0,03)	R(0,21,-0,33,0,02)
18:32:19.670	L(0,04,-0,22,0,05)	R(0,21,-0,34,0,03)
18:32:20.711	L(0,04,-0,22,0,08)	R(0,22,-0,34,0,03)
18:32:21.753	L(0,03,-0,22,0,09)	R(0,22,-0,34,0,03)
18:32:22.795	L(0,02,-0,22,0,07)	R(0,21,-0,34,0,03)
18:32:23.850	L(0,02,-0,22,0,06)	R(0,21,-0,34,0,03)
18:32:24.907	L(0,02,-0,23,0,04)	R(0,21,-0,34,0,02)
18:32:25.947	L(-0,05,-0,19,0,02)	R(0,20,-0,34,0,02)
18:32:27.002	L(-0,21,-0,26,0,05)	R(0,16,-0,34,0,03)
18:32:28.003	L(-0,12,-0,27,-0,01)	R(0,14,-0,33,0,04)
18:32:29.058	L(-0,08,-0,28,-0,01)	R(0,15,-0,32,0,03)
18:32:30.114	L(-0,06,-0,29,0,01)	R(0,13,-0,29,0,04)
18:32:31.171	L(-0,05,-0,33,0,01)	R(0,11,-0,34,0,05)
18:32:32.172	L(-0,03,-0,33,0,01)	R(0,12,-0,34,0,05)
18:32:33.224	L(-0,04,-0,33,0,00)	R(0,13,-0,34,0,04)
18:32:34.238	L(0,05,-0,32,0,01)	R(0,21,-0,30,-0,01)
18:32:35.250	L(0,10,-0,32,-0,01)	R(0,34,-0,22,-0,09)
18:32:36.252	L(0,09,-0,32,-0,03)	R(0,36,-0,24,-0,08)
18:32:37.261	L(0,10,-0,31,-0,01)	R(0,30,-0,28,-0,05)
18:32:38.276	L(0,00,-0,31,-0,01)	R(0,14,-0,32,0,00)
18:32:39.280	L(-0,06,-0,31,-0,02)	R(0,11,-0,32,0,03)
18:32:40.280	L(-0,08,-0,30,-0,01)	R(0,11,-0,32,0,04)
18:32:41.280	L(-0,10,-0,28,0,01)	R(0,12,-0,29,0,06)
18:32:42.310	L(-0,10,-0,26,0,02)	R(0,13,-0,29,0,07)
18:32:43.352	L(-0,06,-0,26,0,02)	R(0,17,-0,29,0,05)
18:32:44.379	L(-0,08,-0,25,0,01)	R(0,15,-0,29,0,06)
18:32:45.408	L(-0,11,-0,06,-0,08)	R(0,10,-0,08,0,01)
18:32:46.436	L(-0,11,-0,13,-0,01)	R(0,08,-0,22,0,02)
18:32:47.463	L(-0,08,-0,14,0,00)	R(0,10,-0,23,0,02)
18:32:48.505	L(-0,07,-0,13,0,03)	R(0,09,-0,22,0,03)
18:32:49.546	L(0,05,-0,28,0,03)	R(0,34,-0,21,0,00)
18:32:50.575	L(0,06,-0,29,0,03)	R(0,36,-0,22,0,01)
18:32:51.602	L(0,05,-0,29,0,02)	R(0,33,-0,20,0,01)
18:32:52.630	L(0,05,-0,29,0,02)	R(0,30,-0,23,0,01)
18:32:53.640	L(0,21,-0,25,0,02)	R(0,28,-0,24,-0,05)
18:32:54.654	L(0,24,-0,25,0,05)	R(0,27,-0,26,-0,05)
18:32:55.667	L(0,21,-0,24,0,02)	R(0,31,-0,25,-0,03)
18:32:56.712	L(0,23,-0,23,0,04)	R(0,28,-0,27,-0,03)
18:32:57.737	L(0,23,-0,25,0,03)	R(0,27,-0,26,-0,04)
18:32:58.751	L(0,23,-0,25,0,02)	R(0,28,-0,26,-0,04)
18:32:59.812	L(0,23,-0,25,0,03)	R(0,28,-0,26,-0,02)
18:33:00.844	L(0,23,-0,25,0,03)	R(0,27,-0,26,-0,03)
18:33:01.853	L(0,22,-0,25,0,02)	R(0,28,-0,26,-0,03)
18:33:02.866	L(0,22,-0,24,0,03)	R(0,27,-0,26,-0,03)
18:33:03.893	L(0,23,-0,25,0,02)	R(0,28,-0,26,-0,04)
18:33:04.918	L(0,23,-0,25,0,02)	R(0,28,-0,26,-0,04)
18:33:05.974	L(0,23,-0,25,0,02)	R(0,28,-0,26,-0,04)
18:33:06.975	L(0,23,-0,25,0,01)	R(0,28,-0,26,-0,05)
18:33:08.001	L(0,23,-0,25,0,02)	R(0,28,-0,26,-0,04)
18:33:09.014	L(0,23,-0,26,0,02)	R(0,28,-0,27,-0,04)
18:33:10.060	L(0,23,-0,26,0,03)	R(0,28,-0,26,-0,03)
18:33:11.070	L(0,23,-0,26,0,03)	R(0,28,-0,27,-0,04)
18:33:12.084	L(0,23,-0,26,0,02)	R(0,28,-0,27,-0,04)
18:33:13.099	L(0,23,-0,26,0,03)	R(0,27,-0,27,-0,04)
18:33:14.113	L(0,22,-0,25,0,01)	R(0,22,-0,26,-0,07)
18:33:15.125	L(0,24,-0,26,0,02)	R(0,23,-0,26,-0,06)
18:33:16.156	L(0,24,-0,26,0,02)	R(0,23,-0,26,-0,05)
18:33:17.199	L(0,24,-0,26,0,03)	R(0,24,-0,26,-0,05)
18:33:18.240	L(0,24,-0,26,0,03)	R(0,24,-0,26,-0,05)
18:33:19.265	L(0,24,-0,26,0,02)	R(0,24,-0,26,-0,06)
18:33:20.279	L(0,23,-0,26,0,02)	R(0,24,-0,27,-0,07)
18:33:21.293	L(0,21,-0,26,0,02)	R(0,24,-0,27,-0,06)
18:33:22.309	L(-0,19,-0,25,-0,03)	R(-0,04,-0,28,-0,02)
18:33:23.350	L(-0,23,-0,26,0,00)	R(-0,06,-0,29,0,03)
18:33:24.405	L(-0,26,-0,28,0,00)	R(-0,12,-0,27,0,01)
18:33:25.461	L(-0,28,-0,25,0,00)	R(-0,18,-0,28,0,02)
18:33:26.461	L(-0,21,-0,30,-0,02)	R(-0,10,-0,31,0,01)
18:33:27.461	L(-0,19,-0,29,-0,01)	R(-0,09,-0,31,0,03)
18:33:28.504	L(-0,17,-0,27,0,02)	R(-0,07,-0,30,0,05)
18:33:29.545	L(-0,15,-0,27,0,01)	R(-0,04,-0,29,0,03)
18:33:30.600	L(-0,17,-0,26,0,02)	R(-0,07,-0,29,0,03)
18:33:31.656	L(-0,16,-0,28,0,02)	R(-0,09,-0,26,0,05)
18:33:32.715	L(-0,18,-0,29,0,02)	R(-0,06,-0,29,0,04)
18:33:33.716	L(-0,16,-0,20,0,02)	R(-0,16,-0,31,-0,02)
18:33:34.769	L(-0,14,-0,23,0,03)	R(-0,16,-0,31,-0,04)
18:33:35.771	L(-0,15,-0,22,0,02)	R(-0,15,-0,31,-0,03)
18:33:36.822	L(-0,14,-0,21,0,01)	R(-0,14,-0,31,-0,02)
18:33:37.822	L(-0,15,-0,27,-0,01)	R(-0,02,-0,29,0,00)
18:33:38.878	L(-0,29,-0,27,0,05)	R(0,01,-0,30,0,01)
18:33:39.933	L(-0,20,-0,21,-0,02)	R(0,00,-0,31,0,02)
18:33:40.988	L(-0,22,-0,26,-0,04)	R(0,00,-0,31,0,02)
18:33:41.988	L(-0,22,-0,29,-0,03)	R(0,00,-0,31,0,02)
18:33:43.044	L(-0,23,-0,29,-0,05)	R(0,00,-0,30,0,02)
18:33:44.044	L(-0,21,-0,30,0,03)	R(0,00,-0,31,0,02)
18:33:45.100	L(-0,21,-0,30,0,02)	R(0,00,-0,31,0,02)
18:33:46.100	L(-0,18,-0,31,-0,03)	R(0,00,-0,31,0,02)
18:33:47.155	L(-0,17,-0,32,-0,04)	R(-0,01,-0,31,0,02)
18:33:48.155	L(-0,27,-0,30,-0,01)	R(-0,01,-0,32,0,02)
18:33:49.198	L(-0,19,-0,29,-0,01)	R(0,00,-0,32,0,02)
18:33:50.239	L(-0,16,-0,30,-0,05)	R(0,00,-0,32,0,02)
18:33:51.293	L(-0,16,-0,30,-0,05)	R(0,00,-0,32,0,02)
18:33:52.294	L(-0,13,-0,26,-0,05)	R(0,00,-0,32,0,01)
18:33:53.349	L(-0,13,-0,23,-0,03)	R(0,01,-0,32,0,01)
18:33:54.405	L(-0,13,-0,23,-0,04)	R(0,01,-0,32,0,01)
18:33:55.461	L(-0,12,-0,22,-0,04)	R(0,01,-0,31,0,01)
18:33:56.517	L(-0,22,-0,23,-0,01)	R(0,01,-0,32,0,01)
18:33:57.545	L(-0,21,-0,27,-0,02)	R(0,01,-0,31,0,02)
18:33:58.546	L(-0,05,-0,29,-0,01)	R(0,12,-0,29,0,03)
18:33:59.556	L(-0,01,-0,30,-0,01)	R(0,40,-0,24,-0,02)
18:34:00.556	L(0,07,-0,29,-0,02)	R(0,33,-0,23,-0,07)
18:34:01.557	L(0,15,-0,27,-0,02)	R(0,29,-0,25,-0,07)
18:34:02.572	L(0,14,-0,29,-0,02)	R(0,31,-0,27,-0,06)
18:34:03.627	L(-0,02,-0,28,0,02)	R(0,02,-0,28,0,02)
18:34:04.629	L(0,03,-0,23,0,07)	R(0,05,-0,25,0,05)
18:34:05.649	L(0,02,-0,22,0,09)	R(0,05,-0,25,0,08)
18:34:06.649	L(0,04,-0,25,0,12)	R(0,06,-0,27,0,11)
18:34:07.691	L(0,07,-0,29,0,13)	R(0,09,-0,31,0,11)
18:34:08.718	L(0,09,-0,41,0,11)	R(0,12,-0,41,0,08)
18:34:09.722	L(0,15,-0,52,0,17)	R(0,18,-0,51,0,14)
18:34:10.782	L(-0,20,-0,31,0,12)	R(-0,22,-0,32,0,15)
18:34:11.832	L(-0,29,-0,38,-0,03)	R(-0,31,-0,40,0,01)
18:34:12.876	L(-0,35,-0,36,0,16)	R(-0,36,-0,37,0,21)
18:34:13.879	L(-0,36,-0,37,0,16)	R(-0,37,-0,40,0,22)
18:34:14.922	L(-0,36,-0,37,0,16)	R(-0,37,-0,40,0,22)
18:34:15.949	L(-0,37,-0,36,0,16)	R(-0,37,-0,40,0,22)
18:34:16.990	L(-0,38,-0,37,0,18)	R(-0,37,-0,40,0,23)
18:34:18.041	L(-0,38,-0,37,0,18)	R(-0,37,-0,40,0,23)
18:34:19.043	L(-0,39,-0,37,0,18)	R(-0,37,-0,40,0,23)
18:34:20.083	L(-0,39,-0,37,0,18)	R(-0,37,-0,40,0,23)
18:34:21.128	L(-0,35,-0,37,0,15)	R(-0,37,-0,40,0,23)
18:34:22.134	L(-0,16,-0,13,-0,09)	R(-0,37,-0,40,0,23)
18:34:23.205	L(0,34,-0,55,0,68)	R(0,55,-0,80,1,05)
18:34:24.236	L(0,35,-0,55,0,67)	R(0,55,-0,80,1,05)
18:34:25.282	L(0,33,-0,56,0,68)	R(0,51,-0,80,1,07)
18:34:26.322	L(0,28,-0,49,0,73)	R(0,51,-0,80,1,07)
18:34:27.333	L(0,16,-0,81,1,25)	R(0,51,-0,80,1,07)
18:34:28.348	L(0,29,-0,86,1,39)	R(0,45,-0,79,1,04)
18:34:29.391	L(0,43,-0,53,0,75)	R(0,06,-0,48,0,20)
18:34:30.402	L(0,77,-0,53,0,24)	R(0,06,-0,38,0,15)
18:34:31.434	L(0,75,-0,53,0,22)	R(0,08,-0,38,0,13)
18:34:32.450	L(0,0,00,0,00)	R(0,0,00,0,00)
18:34:33.509	L(0,0,00,0,00)	R(0,0,00,0,00)
18:34:34.551	L(0,0,00,0,00)	R(0,0,00,0,00)
18:34:35.606	L(0,0,00,0,00)	R(0,0,00,0,00)
18:34:36.634	L(0,0,00,0,00)	R(0,0,00,0,00)
18:34:37.677	L(0,0,00,0,00)	R(0,0,00,0,00)
18:34:38.745	L(0,0,00,0,00)	R(0,0,00,0,00)
18:34:39.801	L(0,0,00,0,00)	R(0,0,00,0,00)
18:34:40.855	L(0,0,00,0,00)	R(0,0,00,0,00)
