09:38:59.783	L(0,02,-0,55,0,09)	R(0,10,-0,55,0,03)
09:39:00.784	L(0,02,-0,55,0,09)	R(0,10,-0,54,0,02)
09:39:01.843	L(0,02,-0,55,0,09)	R(-0,05,-0,33,0,01)
09:39:02.896	L(0,02,-0,57,0,10)	R(-0,02,-0,30,0,06)
09:39:03.911	L(0,02,-0,56,0,09)	R(0,21,-0,21,-0,09)
09:39:04.917	L(0,03,-0,54,0,08)	R(0,52,-0,17,-0,27)
09:39:05.947	L(0,03,-0,56,0,08)	R(0,17,-0,21,-0,12)
09:39:06.975	L(0,03,-0,56,0,08)	R(0,05,-0,28,0,06)
09:39:07.992	L(0,03,-0,55,0,08)	R(0,04,-0,32,-0,01)
09:39:09.008	L(0,03,-0,55,0,08)	R(0,06,-0,34,-0,01)
09:39:10.025	L(0,03,-0,55,0,08)	R(0,06,-0,34,-0,02)
09:39:11.038	L(0,03,-0,57,0,08)	R(-0,05,-0,29,0,22)
09:39:12.055	L(0,03,-0,56,0,07)	R(0,00,-0,28,0,04)
09:39:13.074	L(0,05,-0,63,0,12)	R(-0,01,-0,28,0,05)
09:39:14.090	L(0,02,-0,54,0,06)	R(-0,05,-0,27,0,11)
09:39:15.106	L(0,03,-0,56,0,07)	R(-0,01,-0,28,0,06)
09:39:16.123	L(0,03,-0,56,0,07)	R(-0,05,-0,30,0,26)
09:39:17.140	L(0,04,-0,58,0,08)	R(-0,03,-0,30,0,01)
09:39:18.156	L(0,03,-0,55,0,07)	R(-0,05,-0,30,0,13)
09:39:19.173	L(0,03,-0,56,0,07)	R(0,10,-0,23,0,10)
09:39:20.190	L(0,03,-0,56,0,07)	R(0,10,-0,27,0,09)
09:39:21.206	L(0,03,-0,56,0,07)	R(-0,04,-0,27,0,24)
09:39:22.220	L(0,03,-0,56,0,07)	R(0,09,-0,23,0,05)
09:39:23.239	L(0,03,-0,56,0,07)	R(0,09,-0,27,0,07)
09:39:24.255	L(0,03,-0,56,0,07)	R(-0,01,-0,27,0,14)
09:39:25.271	L(0,03,-0,56,0,07)	R(0,09,-0,26,0,04)
09:39:26.287	L(0,03,-0,56,0,07)	R(-0,02,-0,26,0,15)
09:39:27.305	L(0,03,-0,56,0,07)	R(0,07,-0,22,0,03)
09:39:28.334	L(0,03,-0,56,0,07)	R(0,07,-0,27,0,01)
09:39:29.350	L(0,03,-0,56,0,07)	R(-0,01,-0,23,0,13)
09:39:30.367	L(0,03,-0,56,0,07)	R(0,06,-0,28,0,06)
09:39:31.383	L(0,03,-0,56,0,07)	R(0,03,-0,29,0,06)
09:39:32.400	L(0,03,-0,56,0,07)	R(-0,02,-0,25,0,07)
09:39:33.416	L(0,03,-0,56,0,07)	R(0,04,-0,28,0,03)
09:39:34.433	L(0,04,-0,57,0,07)	R(-0,07,-0,29,0,10)
09:39:35.449	L(0,03,-0,55,0,06)	R(0,03,-0,23,0,02)
09:39:36.479	L(0,03,-0,56,0,07)	R(0,04,-0,28,0,02)
09:39:37.492	L(0,03,-0,56,0,07)	R(-0,05,-0,29,0,25)
09:39:38.512	L(0,03,-0,56,0,07)	R(0,05,-0,27,0,02)
09:39:39.528	L(0,04,-0,57,0,07)	R(-0,04,-0,31,0,09)
09:39:40.545	L(0,04,-0,56,0,06)	R(0,10,-0,21,0,09)
09:39:41.586	L(0,04,-0,56,0,06)	R(0,13,-0,26,0,07)
09:39:42.607	L(0,04,-0,56,0,07)	R(0,13,-0,26,0,05)
09:39:43.622	L(0,04,-0,56,0,07)	R(0,11,-0,25,0,07)
09:39:44.638	L(0,04,-0,56,0,06)	R(0,06,-0,28,0,06)
09:39:45.654	L(0,04,-0,56,0,06)	R(0,08,-0,31,0,06)
09:39:46.685	L(0,04,-0,56,0,06)	R(0,09,-0,31,0,06)
09:39:47.715	L(0,04,-0,56,0,06)	R(0,08,-0,26,0,04)
09:39:48.746	L(0,04,-0,56,0,07)	R(0,07,-0,29,0,05)
09:39:49.776	L(0,04,-0,56,0,06)	R(-0,03,-0,28,0,08)
09:39:50.793	L(0,04,-0,56,0,06)	R(0,08,-0,20,0,08)
09:39:51.810	L(0,04,-0,56,0,06)	R(0,12,-0,26,0,06)
09:39:52.825	L(0,03,-0,56,0,07)	R(-0,04,-0,29,0,24)
09:39:53.842	L(0,04,-0,56,0,07)	R(0,12,-0,26,0,05)
09:39:54.858	L(0,04,-0,56,0,06)	R(0,00,-0,27,0,10)
09:39:55.874	L(0,04,-0,56,0,06)	R(0,09,-0,20,0,03)
09:39:56.892	L(0,04,-0,56,0,06)	R(0,12,-0,26,0,03)
09:39:57.921	L(0,03,-0,56,0,06)	R(-0,02,-0,28,0,24)
09:39:58.937	L(0,04,-0,57,0,06)	R(0,12,-0,26,0,00)
09:39:59.954	L(0,04,-0,56,0,06)	R(0,04,-0,29,0,01)
09:40:00.984	L(0,04,-0,56,0,06)	R(0,02,-0,23,0,09)
09:40:02.000	L(0,04,-0,56,0,06)	R(0,08,-0,28,0,02)
09:40:03.017	L(0,04,-0,56,0,06)	R(-0,03,-0,29,0,07)
09:40:04.033	L(0,04,-0,56,0,06)	R(0,05,-0,21,0,01)
09:40:05.050	L(0,04,-0,57,0,06)	R(0,07,-0,28,0,01)
09:40:06.066	L(0,03,-0,57,0,06)	R(-0,07,-0,29,0,23)
09:40:07.083	L(0,04,-0,56,0,06)	R(0,08,-0,26,0,00)
09:40:08.099	L(0,04,-0,57,0,06)	R(0,06,-0,28,0,01)
09:40:09.129	L(0,04,-0,56,0,06)	R(0,00,-0,24,0,12)
09:40:10.159	L(0,04,-0,57,0,06)	R(0,17,-0,26,0,05)
09:40:11.176	L(0,04,-0,57,0,06)	R(0,02,-0,28,0,04)
09:40:12.192	L(0,04,-0,57,0,06)	R(0,10,-0,18,0,04)
09:40:13.222	L(0,04,-0,57,0,06)	R(0,16,-0,26,0,03)
09:40:14.239	L(0,04,-0,56,0,06)	R(-0,03,-0,27,0,11)
09:40:15.255	L(0,04,-0,57,0,06)	R(0,13,-0,20,0,03)
09:40:16.286	L(0,04,-0,57,0,06)	R(0,15,-0,25,0,01)
09:40:17.316	L(0,03,-0,56,0,06)	R(-0,04,-0,27,0,21)
09:40:18.360	L(0,04,-0,57,0,06)	R(0,14,-0,27,-0,01)
09:40:19.390	L(0,04,-0,57,0,06)	R(0,08,-0,28,-0,02)
09:40:20.434	L(0,03,-0,56,0,06)	R(0,02,-0,21,0,11)
09:40:21.465	L(0,04,-0,57,0,06)	R(0,13,-0,28,0,03)
09:40:22.491	L(0,04,-0,57,0,06)	R(0,09,-0,28,0,03)
09:40:23.512	L(0,03,-0,57,0,06)	R(-0,02,-0,25,0,11)
09:40:24.529	L(0,04,-0,57,0,06)	R(0,11,-0,28,0,02)
09:40:25.558	L(0,04,-0,57,0,06)	R(-0,05,-0,31,0,13)
09:40:26.589	L(0,04,-0,57,0,06)	R(0,12,-0,25,-0,01)
09:40:27.619	L(0,04,-0,57,0,06)	R(0,10,-0,29,0,00)
09:40:28.650	L(0,04,-0,57,0,07)	R(-0,04,-0,29,0,15)
09:40:29.693	L(0,04,-0,57,0,06)	R(0,10,-0,29,-0,02)
09:40:30.725	L(0,03,-0,57,0,07)	R(-0,06,-0,28,0,24)
09:40:31.768	L(0,04,-0,57,0,06)	R(0,20,-0,24,0,04)
09:40:32.785	L(0,04,-0,57,0,06)	R(0,20,-0,26,0,03)
09:40:33.814	L(0,03,-0,57,0,06)	R(-0,04,-0,28,0,27)
09:40:34.830	L(0,04,-0,57,0,06)	R(0,19,-0,24,0,02)
09:40:35.848	L(0,04,-0,57,0,06)	R(0,16,-0,26,0,00)
09:40:36.891	L(0,03,-0,57,0,07)	R(-0,02,-0,26,0,13)
09:40:37.922	L(0,04,-0,57,0,06)	R(0,18,-0,25,-0,01)
09:40:38.967	L(0,04,-0,57,0,06)	R(-0,03,-0,28,0,02)
09:40:40.010	L(0,04,-0,57,0,06)	R(0,08,-0,19,0,02)
09:40:41.053	L(0,04,-0,57,0,06)	R(0,16,-0,27,-0,03)
09:40:42.097	L(0,04,-0,57,0,06)	R(0,00,-0,30,0,00)
09:40:43.129	L(0,03,-0,57,0,06)	R(0,07,-0,21,0,06)
09:40:44.161	L(0,04,-0,57,0,06)	R(0,16,-0,28,0,03)
09:40:45.175	L(0,03,-0,57,0,06)	R(-0,05,-0,27,0,07)
09:40:46.206	L(0,04,-0,57,0,06)	R(0,12,-0,23,0,01)
09:40:47.250	L(0,04,-0,57,0,06)	R(0,14,-0,27,0,01)
09:40:48.296	L(0,03,-0,57,0,07)	R(-0,06,-0,28,0,24)
09:40:49.325	L(0,04,-0,57,0,06)	R(0,15,-0,26,-0,02)
09:40:50.356	L(0,04,-0,57,0,06)	R(0,14,-0,27,-0,02)
09:40:51.372	L(0,03,-0,57,0,07)	R(-0,07,-0,28,0,22)
09:40:52.388	L(0,04,-0,57,0,06)	R(0,14,-0,27,-0,04)
09:40:53.405	L(0,04,-0,57,0,06)	R(0,07,-0,29,-0,03)
09:40:54.436	L(0,04,-0,57,0,06)	R(0,07,-0,21,0,11)
09:40:55.478	L(0,04,-0,57,0,06)	R(0,24,-0,26,0,02)
09:40:56.524	L(0,03,-0,57,0,06)	R(-0,06,-0,29,0,09)
09:40:57.568	L(0,04,-0,57,0,06)	R(0,15,-0,19,0,02)
09:40:58.597	L(0,04,-0,57,0,06)	R(0,22,-0,26,0,00)
09:40:59.656	L(0,03,-0,57,0,06)	R(-0,05,-0,29,0,08)
09:41:00.700	L(0,03,-0,57,0,07)	R(0,18,-0,19,0,00)
09:41:01.744	L(0,04,-0,58,0,06)	R(0,22,-0,26,-0,02)
09:41:02.775	L(0,03,-0,57,0,07)	R(-0,05,-0,28,0,25)
09:41:03.807	L(0,04,-0,57,0,06)	R(0,19,-0,24,-0,06)
09:41:04.835	L(0,04,-0,57,0,06)	R(0,14,-0,28,-0,06)
09:41:05.881	L(0,05,-0,60,0,08)	R(0,19,-0,28,-0,22)
09:41:06.881	L(0,04,-0,58,0,07)	R(0,48,-0,25,-0,29)
09:41:07.897	L(0,05,-0,57,0,06)	R(0,48,-0,20,-0,29)
09:41:08.897	L(0,05,-0,57,0,06)	R(0,36,-0,17,-0,24)
09:41:09.920	L(0,04,-0,57,0,06)	R(-0,12,-0,31,0,10)
09:41:10.975	L(0,04,-0,58,0,06)	R(0,06,-0,29,-0,02)
09:41:12.055	L(0,04,-0,57,0,06)	R(0,06,-0,29,-0,02)
09:41:13.106	L(0,04,-0,57,0,06)	R(0,23,-0,33,-0,03)
09:41:14.149	L(0,04,-0,57,0,06)	R(0,24,-0,34,-0,05)
09:41:15.186	L(0,04,-0,57,0,06)	R(0,49,-0,24,-0,23)
09:41:16.199	L(0,04,-0,56,0,06)	R(0,34,-0,26,-0,13)
09:41:17.226	L(0,04,-0,57,0,06)	R(0,18,-0,22,-0,04)
09:41:18.273	L(0,04,-0,57,0,06)	R(-0,01,-0,28,0,02)
09:41:19.314	L(0,04,-0,57,0,06)	R(-0,01,-0,29,0,03)
09:41:20.359	L(0,03,-0,56,0,06)	R(0,05,-0,26,0,00)
09:41:21.417	L(0,04,-0,57,0,06)	R(0,26,-0,27,-0,01)
09:41:22.467	L(0,04,-0,57,0,06)	R(0,04,-0,29,0,01)
09:41:23.506	L(0,03,-0,57,0,06)	R(0,03,-0,29,0,01)
09:41:24.565	L(0,04,-0,57,0,06)	R(0,29,-0,34,0,03)
09:41:25.596	L(0,04,-0,57,0,06)	R(0,08,-0,29,0,01)
09:41:26.640	L(0,04,-0,57,0,06)	R(0,07,-0,29,0,00)
09:41:27.683	L(0,04,-0,57,0,06)	R(0,30,-0,32,0,03)
09:41:28.728	L(0,04,-0,57,0,06)	R(0,11,-0,27,-0,01)
09:41:29.772	L(0,04,-0,57,0,06)	R(0,10,-0,28,-0,01)
09:41:30.815	L(0,04,-0,57,0,06)	R(0,31,-0,29,0,05)
09:41:31.861	L(0,04,-0,57,0,06)	R(0,16,-0,25,-0,03)
09:41:32.909	L(0,04,-0,57,0,06)	R(0,14,-0,28,-0,02)
09:41:33.963	L(0,04,-0,57,0,06)	R(0,08,-0,31,-0,09)
09:41:34.994	L(0,04,-0,57,0,06)	R(0,07,-0,33,-0,09)
09:41:36.032	L(0,04,-0,57,0,06)	R(0,13,-0,16,-0,03)
09:41:37.075	L(0,04,-0,56,0,06)	R(0,09,-0,19,-0,01)
09:41:38.131	L(0,04,-0,56,0,06)	R(0,08,-0,21,0,00)
09:41:39.182	L(0,04,-0,56,0,06)	R(0,10,-0,20,-0,04)
09:41:40.229	L(0,04,-0,57,0,06)	R(0,29,-0,29,0,00)
09:41:41.277	L(0,04,-0,57,0,06)	R(0,04,-0,26,0,02)
09:41:42.332	L(0,04,-0,57,0,06)	R(0,04,-0,29,0,03)
09:41:43.390	L(0,04,-0,57,0,06)	R(0,29,-0,27,0,02)
09:41:44.434	L(0,04,-0,57,0,06)	R(0,31,-0,32,0,05)
09:41:45.478	L(0,04,-0,57,0,06)	R(0,20,-0,25,-0,01)
09:41:46.521	L(0,04,-0,57,0,06)	R(0,08,-0,29,0,02)
09:41:47.565	L(0,04,-0,57,0,06)	R(0,14,-0,26,0,00)
09:41:48.626	L(0,04,-0,57,0,06)	R(0,25,-0,27,-0,01)
09:41:49.670	L(0,04,-0,57,0,06)	R(0,12,-0,28,0,01)
09:41:50.726	L(0,04,-0,57,0,06)	R(0,12,-0,29,0,01)
09:41:51.757	L(0,04,-0,57,0,06)	R(0,15,-0,27,0,00)
09:41:52.801	L(0,04,-0,57,0,06)	R(0,28,-0,29,-0,01)
09:41:53.836	L(0,04,-0,57,0,06)	R(0,15,-0,28,-0,01)
09:41:54.891	L(0,04,-0,57,0,06)	R(0,15,-0,28,-0,01)
09:41:55.922	L(0,04,-0,57,0,06)	R(0,17,-0,27,-0,04)
09:41:56.941	L(0,05,-0,57,0,06)	R(0,55,-0,25,-0,26)
09:41:57.955	L(0,04,-0,57,0,06)	R(0,42,-0,23,-0,26)
09:41:59.000	L(0,04,-0,57,0,06)	R(0,32,-0,08,0,08)
09:42:00.081	L(0,04,-0,57,0,06)	R(0,18,-0,22,0,25)
09:42:01.127	L(0,04,-0,57,0,05)	R(0,13,-0,15,0,10)
09:42:02.198	L(0,04,-0,57,0,05)	R(0,10,-0,19,0,05)
09:42:03.244	L(0,04,-0,57,0,05)	R(0,10,-0,20,0,06)
09:42:04.275	L(0,04,-0,57,0,05)	R(0,10,-0,19,0,06)
09:42:05.318	L(0,04,-0,57,0,05)	R(0,10,-0,20,0,04)
09:42:06.362	L(0,04,-0,57,0,05)	R(0,10,-0,19,0,04)
09:42:07.420	L(0,04,-0,57,0,05)	R(0,10,-0,21,0,03)
09:42:08.465	L(0,04,-0,57,0,05)	R(0,09,-0,19,0,01)
09:42:09.522	L(0,04,-0,57,0,05)	R(0,09,-0,21,0,01)
09:42:10.566	L(0,04,-0,57,0,05)	R(0,12,-0,19,0,06)
09:42:11.616	L(0,04,-0,57,0,05)	R(0,12,-0,20,0,05)
09:42:12.684	L(0,04,-0,57,0,05)	R(0,11,-0,20,0,03)
09:42:13.729	L(0,04,-0,57,0,05)	R(0,11,-0,20,0,03)
09:42:14.788	L(0,04,-0,57,0,05)	R(0,11,-0,21,0,01)
09:42:15.859	L(0,04,-0,57,0,05)	R(0,11,-0,20,0,01)
09:42:16.903	L(0,04,-0,57,0,05)	R(0,11,-0,21,0,00)
09:42:17.974	L(0,04,-0,57,0,05)	R(0,11,-0,19,0,00)
09:42:19.020	L(0,04,-0,57,0,05)	R(0,13,-0,21,0,04)
09:42:20.091	L(0,04,-0,57,0,05)	R(0,13,-0,22,0,04)
09:42:21.137	L(0,04,-0,57,0,06)	R(0,14,-0,22,0,03)
09:42:22.181	L(0,04,-0,57,0,06)	R(0,14,-0,22,0,03)
09:42:23.226	L(0,04,-0,57,0,06)	R(0,13,-0,23,0,02)
09:42:24.284	L(0,04,-0,57,0,06)	R(0,14,-0,21,0,01)
09:42:25.327	L(0,04,-0,57,0,06)	R(0,14,-0,23,0,02)
09:42:26.371	L(0,04,-0,57,0,06)	R(0,13,-0,22,0,00)
09:42:27.414	L(0,04,-0,57,0,06)	R(0,12,-0,23,0,00)
09:42:28.473	L(0,04,-0,57,0,06)	R(0,11,-0,22,-0,01)
09:42:29.506	L(0,04,-0,57,0,06)	R(0,12,-0,22,-0,02)
09:42:30.564	L(0,04,-0,57,0,06)	R(0,13,-0,23,0,00)
09:42:31.620	L(0,04,-0,57,0,06)	R(0,13,-0,22,-0,02)
09:42:32.678	L(0,04,-0,57,0,06)	R(0,13,-0,22,-0,03)
09:42:33.736	L(0,04,-0,57,0,06)	R(0,15,-0,22,0,02)
09:42:34.781	L(0,04,-0,57,0,06)	R(0,16,-0,22,0,03)
09:42:35.815	L(0,04,-0,57,0,06)	R(0,17,-0,22,0,02)
09:42:36.882	L(0,04,-0,57,0,06)	R(0,17,-0,22,0,02)
09:42:37.917	L(0,04,-0,57,0,06)	R(0,16,-0,23,0,00)
09:42:38.986	L(0,04,-0,57,0,06)	R(0,14,-0,22,-0,02)
09:42:40.031	L(0,04,-0,57,0,06)	R(0,14,-0,23,-0,01)
09:42:41.087	L(0,04,-0,57,0,06)	R(0,14,-0,22,-0,03)
09:42:42.145	L(0,04,-0,57,0,06)	R(0,14,-0,22,-0,03)
09:42:43.190	L(0,04,-0,57,0,06)	R(0,16,-0,23,-0,02)
09:42:44.248	L(0,04,-0,57,0,06)	R(0,15,-0,22,-0,03)
09:42:45.311	L(0,04,-0,57,0,06)	R(0,16,-0,23,-0,04)
09:42:46.364	L(0,04,-0,57,0,06)	R(0,18,-0,22,0,01)
09:42:47.420	L(0,04,-0,57,0,06)	R(0,19,-0,23,0,02)
09:42:48.471	L(0,04,-0,57,0,06)	R(0,20,-0,22,0,01)
09:42:49.515	L(0,04,-0,57,0,06)	R(0,19,-0,22,0,00)
09:42:50.573	L(0,04,-0,57,0,06)	R(0,18,-0,22,-0,01)
09:42:51.627	L(0,04,-0,57,0,06)	R(0,19,-0,22,-0,01)
09:42:52.676	L(0,04,-0,57,0,06)	R(0,19,-0,23,-0,01)
09:42:53.733	L(0,04,-0,57,0,06)	R(0,17,-0,22,-0,03)
09:42:54.800	L(0,04,-0,57,0,06)	R(0,17,-0,23,-0,02)
09:42:55.851	L(0,04,-0,57,0,06)	R(0,19,-0,23,-0,03)
09:42:56.929	L(0,04,-0,57,0,06)	R(0,17,-0,22,-0,04)
09:42:57.976	L(0,04,-0,57,0,06)	R(0,17,-0,23,-0,04)
09:42:59.046	L(0,04,-0,57,0,06)	R(0,18,-0,22,-0,05)
09:43:00.092	L(0,04,-0,57,0,06)	R(0,18,-0,23,-0,05)
09:43:01.141	L(0,04,-0,57,0,06)	R(0,30,-0,31,-0,07)
09:43:02.186	L(0,04,-0,57,0,06)	R(0,12,-0,31,-0,07)
09:43:03.234	L(0,04,-0,57,0,06)	R(0,08,-0,29,-0,03)
09:43:04.263	L(0,04,-0,57,0,06)	R(0,08,-0,33,-0,01)
09:43:05.315	L(0,04,-0,57,0,06)	R(0,11,-0,33,-0,04)
09:43:06.358	L(0,04,-0,57,0,06)	R(0,17,-0,19,-0,04)
09:43:07.402	L(0,04,-0,57,0,06)	R(0,08,-0,23,0,05)
09:43:08.461	L(0,04,-0,57,0,06)	R(0,07,-0,24,0,05)
09:43:09.520	L(0,04,-0,57,0,06)	R(0,09,-0,24,0,04)
09:43:10.563	L(0,04,-0,57,0,06)	R(0,09,-0,23,0,04)
09:43:11.608	L(0,04,-0,57,0,06)	R(0,08,-0,24,0,02)
09:43:12.654	L(0,04,-0,57,0,06)	R(0,07,-0,24,0,03)
09:43:13.682	L(0,04,-0,57,0,06)	R(0,07,-0,24,0,03)
09:43:14.716	L(0,04,-0,57,0,06)	R(0,07,-0,25,0,01)
09:43:15.771	L(0,04,-0,57,0,06)	R(0,06,-0,24,0,01)
09:43:16.816	L(0,04,-0,57,0,06)	R(0,07,-0,23,0,00)
09:43:17.861	L(0,04,-0,57,0,06)	R(0,06,-0,25,-0,01)
09:43:18.903	L(0,04,-0,57,0,06)	R(0,08,-0,24,-0,02)
09:43:19.948	L(0,04,-0,57,0,06)	R(0,09,-0,22,0,01)
09:43:21.007	L(0,04,-0,57,0,06)	R(0,10,-0,24,0,04)
09:43:22.053	L(0,04,-0,57,0,06)	R(0,11,-0,24,0,03)
09:43:23.095	L(0,04,-0,57,0,06)	R(0,10,-0,25,0,03)
09:43:24.139	L(0,04,-0,57,0,06)	R(0,10,-0,25,0,02)
09:43:25.183	L(0,04,-0,57,0,06)	R(0,10,-0,25,0,01)
09:43:26.229	L(0,04,-0,57,0,06)	R(0,09,-0,24,0,00)
09:43:27.273	L(0,04,-0,57,0,06)	R(0,09,-0,25,-0,01)
09:43:28.330	L(0,04,-0,57,0,06)	R(0,11,-0,25,-0,01)
09:43:29.374	L(0,04,-0,57,0,06)	R(0,09,-0,25,-0,03)
09:43:30.418	L(0,04,-0,57,0,06)	R(0,09,-0,24,-0,03)
09:43:31.462	L(0,04,-0,57,0,06)	R(0,11,-0,25,-0,03)
09:43:32.495	L(0,04,-0,57,0,06)	R(0,12,-0,24,-0,04)
09:43:33.538	L(0,04,-0,57,0,06)	R(0,12,-0,25,-0,04)
09:43:34.581	L(0,04,-0,57,0,06)	R(0,12,-0,25,-0,02)
09:43:35.627	L(0,04,-0,57,0,06)	R(0,12,-0,23,-0,01)
09:43:36.671	L(0,04,-0,57,0,06)	R(0,13,-0,24,0,00)
09:43:37.714	L(0,04,-0,57,0,06)	R(0,13,-0,24,0,01)
09:43:38.758	L(0,04,-0,57,0,06)	R(0,13,-0,24,0,02)
09:43:39.818	L(0,04,-0,57,0,06)	R(0,14,-0,24,0,02)
09:43:40.861	L(0,04,-0,57,0,06)	R(0,14,-0,24,0,01)
09:43:41.917	L(0,04,-0,57,0,06)	R(0,14,-0,25,0,00)
09:43:42.955	L(0,04,-0,57,0,06)	R(0,14,-0,24,-0,02)
09:43:43.997	L(0,04,-0,57,0,06)	R(0,14,-0,25,-0,02)
09:43:45.037	L(0,04,-0,57,0,06)	R(0,13,-0,25,-0,04)
09:43:46.083	L(0,04,-0,57,0,06)	R(0,13,-0,22,-0,03)
09:43:47.125	L(0,04,-0,57,0,06)	R(0,14,-0,21,0,02)
09:43:48.160	L(0,04,-0,57,0,06)	R(0,15,-0,21,0,01)
09:43:49.218	L(0,04,-0,57,0,06)	R(0,16,-0,22,0,01)
09:43:50.250	L(0,04,-0,57,0,06)	R(0,15,-0,22,-0,01)
09:43:51.307	L(0,04,-0,57,0,06)	R(0,16,-0,21,-0,01)
09:43:52.352	L(0,04,-0,57,0,06)	R(0,16,-0,22,-0,01)
09:43:53.409	L(0,04,-0,57,0,06)	R(0,14,-0,22,-0,03)
09:43:54.467	L(0,04,-0,57,0,06)	R(0,15,-0,22,-0,04)
09:43:55.508	L(0,04,-0,57,0,06)	R(0,16,-0,22,-0,03)
09:43:56.555	L(0,04,-0,57,0,06)	R(0,14,-0,22,-0,05)
09:43:57.610	L(0,04,-0,57,0,06)	R(0,15,-0,22,-0,05)
09:43:58.673	L(0,04,-0,57,0,06)	R(0,16,-0,22,-0,05)
09:43:59.725	L(0,04,-0,57,0,06)	R(0,16,-0,22,-0,06)
09:44:00.788	L(0,04,-0,57,0,06)	R(0,17,-0,22,-0,06)
09:44:01.819	L(0,04,-0,57,0,06)	R(0,18,-0,22,-0,06)
09:44:02.863	L(0,04,-0,57,0,06)	R(0,18,-0,22,-0,04)
09:44:03.908	L(0,04,-0,57,0,06)	R(0,17,-0,22,-0,04)
09:44:04.952	L(0,04,-0,57,0,06)	R(0,17,-0,22,-0,04)
09:44:06.006	L(0,04,-0,57,0,06)	R(0,17,-0,22,-0,02)
09:44:07.051	L(0,04,-0,57,0,06)	R(0,17,-0,21,-0,01)
09:44:08.099	L(0,04,-0,57,0,06)	R(0,18,-0,22,0,00)
09:44:09.168	L(0,04,-0,57,0,06)	R(0,19,-0,22,0,00)
09:44:10.225	L(0,04,-0,57,0,06)	R(0,19,-0,21,-0,01)
09:44:11.274	L(0,04,-0,57,0,06)	R(0,19,-0,22,-0,02)
09:44:12.316	L(0,04,-0,57,0,06)	R(0,19,-0,21,-0,03)
09:44:13.358	L(0,04,-0,57,0,06)	R(0,27,-0,32,-0,07)
09:44:14.406	L(0,05,-0,57,0,05)	R(0,23,-0,35,-0,13)
09:44:15.448	L(0,06,-0,57,0,06)	R(0,23,-0,35,-0,14)
09:44:16.480	L(0,06,-0,57,0,05)	R(0,19,-0,36,-0,13)
09:44:17.525	L(0,06,-0,57,0,05)	R(0,18,-0,36,-0,13)
09:44:18.527	L(0,06,-0,57,0,05)	R(0,18,-0,36,-0,13)