19:39:10.611	L(-0,06,-0,48,-0,02)	R(0,07,-0,46,-0,03)
19:39:11.625	L(-0,05,-0,50,-0,02)	R(0,07,-0,46,-0,03)
19:39:12.653	L(-0,05,-0,50,-0,02)	R(0,00,-0,35,-0,10)
19:39:13.688	L(-0,05,-0,51,-0,02)	R(-0,05,-0,33,-0,03)
19:39:14.692	L(-0,05,-0,51,-0,02)	R(0,01,-0,30,0,05)
19:39:15.709	L(-0,05,-0,51,-0,02)	R(-0,06,-0,29,0,02)
19:39:16.726	L(-0,03,-0,51,-0,03)	R(-0,19,-0,27,0,12)
19:39:17.740	L(-0,03,-0,52,-0,03)	R(0,01,-0,28,0,02)
19:39:18.757	L(-0,03,-0,52,-0,03)	R(-0,02,-0,29,0,01)
19:39:19.774	L(-0,02,-0,52,-0,04)	R(-0,18,-0,25,0,13)
19:39:20.789	L(-0,02,-0,53,-0,04)	R(0,02,-0,28,0,00)
19:39:21.806	L(-0,02,-0,53,-0,04)	R(-0,19,-0,26,0,15)
19:39:22.822	L(-0,02,-0,53,-0,04)	R(-0,01,-0,27,-0,02)
19:39:23.840	L(-0,02,-0,53,-0,04)	R(0,02,-0,29,-0,01)
19:39:24.855	L(-0,02,-0,53,-0,04)	R(0,00,-0,28,-0,07)
19:39:25.874	L(-0,02,-0,53,-0,04)	R(0,03,-0,24,-0,13)
19:39:26.876	L(-0,04,-0,53,-0,05)	R(0,02,-0,25,-0,11)
19:39:27.892	L(-0,05,-0,53,-0,04)	R(-0,24,-0,28,0,27)
19:39:28.908	L(-0,04,-0,52,-0,05)	R(0,10,-0,22,0,09)
19:39:29.923	L(-0,04,-0,53,-0,05)	R(0,10,-0,27,0,09)
19:39:30.940	L(-0,04,-0,53,-0,05)	R(-0,07,-0,25,0,07)
19:39:31.958	L(-0,03,-0,52,-0,06)	R(-0,05,-0,25,0,10)
19:39:32.972	L(-0,04,-0,53,-0,05)	R(0,10,-0,27,0,06)
19:39:33.989	L(-0,04,-0,53,-0,05)	R(0,10,-0,28,0,07)
19:39:35.006	L(-0,03,-0,52,-0,05)	R(-0,25,-0,28,0,22)
19:39:36.023	L(-0,04,-0,53,-0,05)	R(0,10,-0,23,0,03)
19:39:37.039	L(-0,04,-0,53,-0,05)	R(0,10,-0,27,0,06)
19:39:38.055	L(-0,04,-0,53,-0,05)	R(-0,13,-0,26,0,12)
19:39:39.073	L(-0,04,-0,53,-0,05)	R(0,03,-0,25,0,05)
19:39:40.088	L(-0,04,-0,53,-0,05)	R(0,10,-0,27,0,03)
19:39:41.104	L(-0,04,-0,53,-0,05)	R(0,04,-0,29,-0,03)
19:39:42.123	L(-0,04,-0,53,-0,05)	R(-0,20,-0,27,0,17)
19:39:43.137	L(-0,05,-0,54,-0,04)	R(0,06,-0,27,0,04)
19:39:44.153	L(-0,05,-0,54,-0,04)	R(0,06,-0,29,0,05)
19:39:45.169	L(-0,04,-0,54,-0,05)	R(-0,21,-0,28,0,21)
19:39:46.185	L(-0,04,-0,54,-0,05)	R(0,03,-0,25,-0,01)
19:39:47.203	L(-0,05,-0,54,-0,04)	R(0,06,-0,29,0,02)
19:39:48.219	L(-0,04,-0,54,-0,04)	R(0,06,-0,29,0,03)
19:39:49.236	L(-0,04,-0,54,-0,04)	R(0,05,-0,29,0,01)
19:39:50.252	L(-0,04,-0,54,-0,04)	R(-0,23,-0,30,0,22)
19:39:51.269	L(-0,04,-0,54,-0,04)	R(0,08,-0,25,-0,02)
19:39:52.284	L(-0,04,-0,54,-0,04)	R(0,06,-0,28,0,00)
19:39:53.302	L(-0,04,-0,54,-0,04)	R(0,06,-0,28,0,00)
19:39:54.318	L(-0,04,-0,54,-0,05)	R(-0,19,-0,27,0,17)
19:39:55.332	L(-0,04,-0,54,-0,05)	R(0,02,-0,22,0,01)
19:39:56.350	L(-0,04,-0,55,-0,04)	R(0,08,-0,28,0,01)
19:39:57.365	L(-0,04,-0,55,-0,04)	R(0,07,-0,28,0,01)
19:39:58.384	L(-0,04,-0,54,-0,05)	R(-0,24,-0,28,0,25)
19:39:59.402	L(-0,04,-0,54,-0,05)	R(0,12,-0,22,0,09)
19:40:00.416	L(-0,04,-0,55,-0,05)	R(0,13,-0,28,0,09)
19:40:01.429	L(-0,04,-0,55,-0,05)	R(0,12,-0,27,0,06)
19:40:02.450	L(-0,03,-0,54,-0,05)	R(-0,24,-0,29,0,23)
19:40:03.465	L(-0,04,-0,54,-0,05)	R(0,14,-0,23,0,06)
19:40:04.481	L(-0,04,-0,54,-0,05)	R(0,13,-0,27,0,06)
19:40:05.499	L(-0,04,-0,54,-0,05)	R(0,13,-0,27,0,06)
19:40:06.516	L(-0,03,-0,53,-0,05)	R(-0,23,-0,26,0,20)
19:40:07.530	L(-0,03,-0,54,-0,05)	R(0,05,-0,22,0,08)
19:40:08.545	L(-0,04,-0,54,-0,05)	R(0,13,-0,26,0,04)
19:40:09.564	L(-0,04,-0,54,-0,05)	R(0,05,-0,27,-0,02)
19:40:10.580	L(-0,03,-0,54,-0,05)	R(-0,22,-0,29,0,20)
19:40:11.595	L(-0,04,-0,54,-0,05)	R(0,12,-0,22,0,03)
19:40:12.611	L(-0,04,-0,54,-0,05)	R(0,14,-0,27,0,02)
19:40:13.627	L(-0,04,-0,54,-0,05)	R(0,09,-0,27,-0,02)
19:40:14.644	L(-0,03,-0,53,-0,05)	R(-0,24,-0,29,0,23)
19:40:15.664	L(-0,04,-0,54,-0,05)	R(0,12,-0,26,0,04)
19:40:16.681	L(-0,04,-0,55,-0,04)	R(0,11,-0,28,0,05)
19:40:17.696	L(-0,04,-0,54,-0,04)	R(0,10,-0,28,0,04)
19:40:18.709	L(-0,03,-0,54,-0,05)	R(-0,24,-0,30,0,25)
19:40:19.730	L(-0,04,-0,54,-0,04)	R(0,07,-0,25,0,00)
19:40:20.744	L(-0,04,-0,55,-0,04)	R(0,09,-0,28,0,02)
19:40:21.763	L(-0,04,-0,54,-0,05)	R(0,08,-0,28,0,01)
19:40:22.775	L(-0,04,-0,54,-0,04)	R(-0,24,-0,29,0,24)
19:40:23.793	L(-0,04,-0,54,-0,04)	R(0,08,-0,24,-0,02)
19:40:24.808	L(-0,04,-0,54,-0,04)	R(0,10,-0,28,0,00)
19:40:25.826	L(-0,04,-0,54,-0,04)	R(0,09,-0,28,0,00)
19:40:26.839	L(-0,04,-0,54,-0,05)	R(-0,14,-0,28,0,09)
19:40:27.857	L(-0,03,-0,54,-0,05)	R(-0,06,-0,23,0,06)
19:40:28.876	L(-0,04,-0,55,-0,05)	R(0,10,-0,27,0,01)
19:40:29.891	L(-0,04,-0,55,-0,05)	R(0,09,-0,28,0,01)
19:40:30.905	L(-0,03,-0,54,-0,05)	R(-0,24,-0,28,0,24)
19:40:31.924	L(-0,03,-0,54,-0,05)	R(0,16,-0,23,0,10)
19:40:32.942	L(-0,04,-0,54,-0,05)	R(0,17,-0,27,0,08)
19:40:33.970	L(-0,04,-0,54,-0,05)	R(0,04,-0,20,-0,10)
19:40:34.990	L(-0,03,-0,55,-0,04)	R(-0,15,-0,25,0,11)
19:40:36.005	L(-0,03,-0,54,-0,05)	R(-0,03,-0,22,0,13)
19:40:37.021	L(-0,03,-0,54,-0,05)	R(0,18,-0,26,0,05)
19:40:38.035	L(-0,04,-0,54,-0,05)	R(0,17,-0,27,0,06)
19:40:39.054	L(-0,04,-0,54,-0,05)	R(0,17,-0,27,0,06)
19:40:40.071	L(-0,03,-0,53,-0,05)	R(-0,25,-0,27,0,26)
19:40:41.085	L(-0,03,-0,54,-0,05)	R(0,17,-0,22,0,04)
19:40:42.104	L(-0,03,-0,54,-0,05)	R(0,17,-0,27,0,04)
19:40:43.118	L(-0,04,-0,54,-0,05)	R(-0,02,-0,26,0,00)
19:40:44.135	L(-0,03,-0,54,-0,05)	R(-0,19,-0,27,0,16)
19:40:45.153	L(-0,03,-0,54,-0,05)	R(0,17,-0,25,0,00)
19:40:46.185	L(-0,03,-0,54,-0,05)	R(0,17,-0,28,0,02)
19:40:47.200	L(-0,03,-0,54,-0,05)	R(-0,04,-0,27,0,01)
19:40:48.215	L(-0,03,-0,54,-0,05)	R(-0,14,-0,23,0,13)
19:40:49.230	L(-0,03,-0,55,-0,05)	R(0,14,-0,26,0,03)
19:40:50.249	L(-0,03,-0,55,-0,05)	R(0,14,-0,27,0,04)
19:40:51.267	L(-0,03,-0,54,-0,05)	R(0,13,-0,28,0,04)
19:40:52.282	L(-0,02,-0,54,-0,05)	R(-0,23,-0,26,0,18)
19:40:53.299	L(-0,03,-0,54,-0,05)	R(0,03,-0,21,0,03)
19:40:54.329	L(-0,03,-0,55,-0,05)	R(0,14,-0,27,0,02)
19:40:55.345	L(-0,03,-0,55,-0,05)	R(0,12,-0,27,0,01)
19:40:56.361	L(-0,03,-0,54,-0,05)	R(-0,21,-0,28,0,21)
19:40:57.403	L(-0,03,-0,55,-0,05)	R(0,02,-0,23,0,02)
19:40:58.423	L(-0,03,-0,55,-0,05)	R(0,13,-0,27,0,00)
19:40:59.439	L(-0,03,-0,55,-0,05)	R(0,10,-0,27,-0,02)
19:41:00.469	L(-0,03,-0,54,-0,05)	R(-0,25,-0,27,0,24)
19:41:01.498	L(-0,03,-0,54,-0,05)	R(0,10,-0,26,-0,03)
19:41:02.529	L(-0,03,-0,54,-0,05)	R(0,12,-0,28,-0,02)
19:41:03.574	L(-0,03,-0,54,-0,05)	R(-0,10,-0,26,0,04)
19:41:04.587	L(-0,02,-0,54,-0,05)	R(-0,07,-0,22,0,14)
19:41:05.608	L(-0,02,-0,55,-0,05)	R(0,21,-0,27,0,08)
19:41:06.665	L(-0,02,-0,55,-0,05)	R(0,20,-0,28,0,08)
19:41:07.695	L(-0,02,-0,55,-0,05)	R(-0,20,-0,27,0,20)
19:41:08.737	L(-0,02,-0,54,-0,05)	R(0,13,-0,21,0,07)
19:41:09.756	L(-0,03,-0,55,-0,05)	R(0,21,-0,27,0,04)
19:41:10.800	L(-0,03,-0,55,-0,05)	R(0,20,-0,27,0,05)
19:41:11.816	L(-0,02,-0,55,-0,05)	R(0,06,-0,26,-0,04)
19:41:12.846	L(-0,02,-0,54,-0,05)	R(-0,16,-0,27,0,13)
19:41:13.876	L(-0,02,-0,55,-0,05)	R(0,21,-0,24,0,05)
19:41:14.917	L(-0,02,-0,55,-0,05)	R(0,20,-0,27,0,06)
19:41:15.938	L(-0,02,-0,55,-0,05)	R(-0,14,-0,25,0,10)
19:41:16.963	L(-0,01,-0,55,-0,05)	R(0,08,-0,18,0,08)
19:41:17.997	L(-0,02,-0,55,-0,05)	R(0,21,-0,27,0,01)
19:41:19.043	L(-0,02,-0,55,-0,05)	R(-0,02,-0,28,0,02)
19:41:20.073	L(-0,01,-0,55,-0,05)	R(-0,08,-0,20,0,10)
19:41:21.117	L(-0,01,-0,55,-0,05)	R(0,19,-0,27,0,04)
19:41:22.186	L(-0,01,-0,55,-0,05)	R(0,17,-0,28,0,04)
19:41:23.219	L(-0,01,-0,55,-0,05)	R(0,10,-0,28,0,01)
19:41:24.264	L(-0,01,-0,55,-0,05)	R(-0,23,-0,30,0,19)
19:41:25.292	L(-0,01,-0,56,-0,05)	R(0,17,-0,26,0,01)
19:41:26.306	L(-0,01,-0,56,-0,05)	R(0,16,-0,28,0,02)
19:41:27.328	L(-0,01,-0,56,-0,05)	R(-0,13,-0,28,0,11)
19:41:28.370	L(-0,01,-0,56,-0,05)	R(0,06,-0,22,0,01)
19:41:29.400	L(-0,01,-0,56,-0,05)	R(0,16,-0,28,0,01)
19:41:30.431	L(-0,01,-0,56,-0,05)	R(0,02,-0,28,-0,01)
19:41:31.476	L(0,00,-0,55,-0,05)	R(-0,15,-0,25,0,11)
19:41:32.531	L(-0,01,-0,56,-0,05)	R(0,16,-0,28,-0,02)
19:41:33.578	L(-0,01,-0,56,-0,05)	R(0,15,-0,29,-0,02)
19:41:34.622	L(0,00,-0,56,-0,05)	R(-0,24,-0,29,0,22)
19:41:35.665	L(0,00,-0,56,-0,05)	R(0,24,-0,25,0,09)
19:41:36.683	L(0,00,-0,56,-0,05)	R(0,24,-0,27,0,07)
19:41:37.713	L(0,00,-0,56,-0,05)	R(-0,14,-0,24,0,12)
19:41:38.745	L(0,00,-0,56,-0,05)	R(0,01,-0,19,0,10)
19:41:39.774	L(-0,01,-0,56,-0,05)	R(0,24,-0,25,0,03)
19:41:40.806	L(-0,01,-0,56,-0,05)	R(0,24,-0,27,0,04)
19:41:41.860	L(0,00,-0,55,-0,05)	R(-0,12,-0,28,0,11)
19:41:42.893	L(0,00,-0,55,-0,05)	R(0,04,-0,22,0,09)
19:41:43.947	L(0,00,-0,56,-0,05)	R(0,24,-0,26,0,01)
19:41:44.982	L(0,00,-0,56,-0,05)	R(0,19,-0,28,-0,02)
19:41:45.998	L(0,00,-0,56,-0,05)	R(-0,23,-0,30,0,20)
19:41:47.015	L(0,00,-0,56,-0,06)	R(0,23,-0,24,-0,03)
19:41:48.058	L(0,00,-0,56,-0,05)	R(0,23,-0,28,-0,02)
19:41:49.104	L(0,00,-0,56,-0,05)	R(-0,11,-0,30,0,04)
19:41:50.150	L(0,01,-0,56,-0,05)	R(0,08,-0,30,-0,02)
19:41:51.213	L(0,01,-0,56,-0,05)	R(0,09,-0,29,-0,03)
19:41:52.261	L(0,01,-0,56,-0,05)	R(0,25,-0,31,0,01)
19:41:53.295	L(0,01,-0,56,-0,05)	R(0,01,-0,29,-0,01)
19:41:54.327	L(0,01,-0,56,-0,05)	R(0,00,-0,29,-0,01)
19:41:55.351	L(0,01,-0,56,-0,05)	R(0,35,-0,27,0,20)
19:41:56.396	L(0,00,-0,56,-0,05)	R(0,11,-0,25,-0,01)
19:41:57.417	L(0,00,-0,56,-0,05)	R(0,04,-0,29,-0,01)
19:41:58.434	L(0,00,-0,56,-0,05)	R(0,10,-0,26,0,01)
19:41:59.465	L(0,00,-0,56,-0,05)	R(0,26,-0,28,0,08)
19:42:00.506	L(0,00,-0,56,-0,05)	R(0,09,-0,29,-0,01)
19:42:01.538	L(0,00,-0,56,-0,05)	R(0,08,-0,29,-0,01)
19:42:02.581	L(0,00,-0,56,-0,05)	R(0,31,-0,30,0,17)
19:42:03.628	L(0,00,-0,56,-0,05)	R(0,12,-0,28,-0,01)
19:42:04.687	L(0,00,-0,56,-0,05)	R(0,13,-0,28,-0,01)
19:42:05.729	L(0,00,-0,56,-0,05)	R(0,32,-0,30,0,15)
19:42:06.775	L(0,00,-0,56,-0,05)	R(0,17,-0,29,-0,01)
19:42:07.804	L(0,00,-0,56,-0,05)	R(0,22,-0,22,0,08)
19:42:08.851	L(0,00,-0,56,-0,05)	R(0,16,-0,18,0,10)
19:42:09.878	L(0,00,-0,56,-0,05)	R(0,06,-0,23,0,03)
19:42:10.914	L(0,00,-0,56,-0,05)	R(0,06,-0,25,0,03)
19:42:11.955	L(0,00,-0,56,-0,05)	R(0,08,-0,26,0,03)
19:42:12.967	L(0,00,-0,56,-0,05)	R(0,07,-0,25,0,00)
19:42:14.011	L(0,00,-0,56,-0,05)	R(0,06,-0,26,0,01)
19:42:15.033	L(0,00,-0,56,-0,05)	R(0,07,-0,25,0,00)
19:42:16.049	L(0,00,-0,56,-0,05)	R(0,08,-0,26,-0,01)
19:42:17.065	L(0,00,-0,56,-0,05)	R(0,07,-0,25,-0,03)
19:42:18.095	L(0,00,-0,56,-0,05)	R(0,06,-0,26,-0,02)
19:42:19.125	L(0,00,-0,56,-0,05)	R(0,06,-0,26,0,00)
19:42:20.176	L(0,00,-0,56,-0,05)	R(0,08,-0,25,-0,03)
19:42:21.224	L(0,00,-0,56,-0,05)	R(0,08,-0,26,-0,03)
19:42:22.266	L(0,00,-0,56,-0,05)	R(0,09,-0,23,0,02)
19:42:23.298	L(0,00,-0,56,-0,05)	R(0,09,-0,25,0,02)
19:42:24.317	L(0,00,-0,56,-0,05)	R(0,10,-0,24,0,02)
19:42:25.347	L(0,00,-0,56,-0,05)	R(0,10,-0,26,0,02)
19:42:26.391	L(0,00,-0,56,-0,05)	R(0,10,-0,25,0,01)
19:42:27.410	L(0,00,-0,56,-0,05)	R(0,11,-0,26,0,01)
19:42:28.426	L(0,00,-0,56,-0,05)	R(0,09,-0,25,0,00)
19:42:29.440	L(0,00,-0,56,-0,05)	R(0,09,-0,26,0,00)
19:42:30.457	L(0,00,-0,56,-0,05)	R(0,09,-0,26,-0,01)
19:42:31.475	L(0,00,-0,56,-0,05)	R(0,10,-0,25,-0,02)
19:42:32.505	L(0,00,-0,56,-0,05)	R(0,11,-0,26,-0,02)
19:42:33.519	L(0,00,-0,56,-0,05)	R(0,11,-0,25,-0,04)
19:42:34.537	L(0,00,-0,56,-0,05)	R(0,11,-0,26,-0,04)
19:42:35.565	L(0,00,-0,57,-0,05)	R(0,09,-0,26,-0,04)
19:42:36.596	L(0,00,-0,56,-0,05)	R(0,10,-0,25,-0,04)
19:42:37.627	L(0,00,-0,57,-0,05)	R(0,12,-0,27,-0,04)
19:42:38.658	L(0,00,-0,57,-0,05)	R(0,12,-0,25,-0,03)
19:42:39.715	L(0,00,-0,57,-0,05)	R(0,12,-0,26,-0,02)
19:42:40.749	L(0,00,-0,57,-0,05)	R(0,11,-0,26,0,00)
19:42:41.777	L(0,00,-0,57,-0,05)	R(0,11,-0,25,0,01)
19:42:42.804	L(0,00,-0,57,-0,05)	R(0,11,-0,26,0,02)
19:42:43.852	L(0,00,-0,57,-0,05)	R(0,13,-0,25,0,02)
19:42:44.882	L(0,01,-0,57,-0,05)	R(0,13,-0,26,0,01)
19:42:45.927	L(0,01,-0,57,-0,05)	R(0,13,-0,26,-0,01)
19:42:46.956	L(0,00,-0,56,-0,05)	R(0,13,-0,26,-0,03)
19:42:48.001	L(0,00,-0,57,-0,05)	R(0,13,-0,26,-0,04)
19:42:49.059	L(0,00,-0,57,-0,05)	R(0,13,-0,27,-0,05)
19:42:50.104	L(0,00,-0,57,-0,05)	R(0,15,-0,24,0,02)
19:42:51.146	L(0,00,-0,57,-0,05)	R(0,14,-0,26,0,01)
19:42:52.190	L(0,01,-0,57,-0,05)	R(0,16,-0,25,0,01)
19:42:53.235	L(0,01,-0,57,-0,05)	R(0,15,-0,25,0,00)
19:42:54.251	L(0,01,-0,56,-0,05)	R(0,14,-0,26,-0,01)
19:42:55.269	L(0,01,-0,57,-0,05)	R(0,16,-0,26,0,00)
19:42:56.298	L(0,01,-0,57,-0,05)	R(0,15,-0,25,-0,01)
19:42:57.314	L(0,01,-0,57,-0,05)	R(0,14,-0,26,-0,02)
19:42:58.359	L(0,01,-0,57,-0,05)	R(0,14,-0,25,-0,03)
19:42:59.389	L(0,01,-0,57,-0,05)	R(0,15,-0,26,-0,03)
19:43:00.434	L(0,01,-0,57,-0,05)	R(0,15,-0,25,-0,05)
19:43:01.478	L(0,01,-0,57,-0,05)	R(0,15,-0,26,-0,05)
19:43:02.525	L(0,01,-0,56,-0,05)	R(0,14,-0,27,-0,05)
19:43:03.553	L(0,01,-0,57,-0,05)	R(0,17,-0,24,-0,04)
19:43:04.597	L(0,01,-0,57,-0,05)	R(0,18,-0,25,-0,05)
19:43:05.638	L(0,01,-0,57,-0,05)	R(0,17,-0,25,-0,06)
19:43:06.697	L(0,00,-0,57,-0,05)	R(0,16,-0,23,-0,05)
19:43:07.727	L(0,01,-0,57,-0,05)	R(0,17,-0,23,0,02)
19:43:08.748	L(0,01,-0,57,-0,05)	R(0,17,-0,24,0,01)
19:43:09.786	L(0,00,-0,57,-0,05)	R(0,18,-0,24,0,01)
19:43:10.820	L(0,00,-0,57,-0,05)	R(0,18,-0,23,0,00)
19:43:11.865	L(0,00,-0,57,-0,05)	R(0,19,-0,25,-0,01)
19:43:12.895	L(0,00,-0,57,-0,05)	R(0,18,-0,23,-0,01)
19:43:13.925	L(0,00,-0,57,-0,05)	R(0,17,-0,25,-0,01)
19:43:14.956	L(0,00,-0,57,-0,05)	R(0,17,-0,24,-0,03)
19:43:16.000	L(0,00,-0,57,-0,05)	R(0,17,-0,25,-0,03)
19:43:17.045	L(0,00,-0,57,-0,05)	R(0,19,-0,25,-0,03)
19:43:18.071	L(0,00,-0,57,-0,05)	R(0,19,-0,25,-0,04)
19:43:19.105	L(0,00,-0,57,-0,05)	R(0,19,-0,25,-0,05)
19:43:20.134	L(0,00,-0,57,-0,05)	R(0,27,-0,27,0,01)
19:43:21.192	L(0,01,-0,57,-0,05)	R(0,16,-0,34,-0,09)
19:43:22.254	L(0,01,-0,57,-0,05)	R(0,13,-0,31,-0,07)
19:43:23.309	L(0,01,-0,56,-0,05)	R(0,07,-0,19,0,01)
19:43:24.357	L(0,01,-0,56,-0,04)	R(0,06,-0,23,0,02)
19:43:25.399	L(0,01,-0,57,-0,05)	R(0,18,-0,17,0,00)
19:43:26.452	L(0,01,-0,57,-0,05)	R(0,26,-0,27,0,09)
19:43:27.499	L(0,01,-0,57,-0,05)	R(0,00,-0,29,0,04)
19:43:28.518	L(0,02,-0,57,-0,05)	R(0,00,-0,30,0,04)
19:43:29.574	L(0,01,-0,57,-0,05)	R(0,33,-0,28,0,21)
19:43:30.604	L(0,01,-0,57,-0,05)	R(0,11,-0,27,0,04)
19:43:31.648	L(0,01,-0,57,-0,05)	R(0,05,-0,30,0,03)
19:43:32.694	L(0,01,-0,57,-0,05)	R(0,05,-0,30,0,04)
19:43:33.738	L(0,01,-0,57,-0,05)	R(0,33,-0,25,0,18)
19:43:34.785	L(0,01,-0,57,-0,05)	R(0,31,-0,31,0,16)
19:43:35.840	L(0,01,-0,57,-0,05)	R(0,09,-0,29,0,03)
19:43:36.883	L(0,01,-0,57,-0,05)	R(0,09,-0,29,0,03)
19:43:37.940	L(0,01,-0,58,-0,05)	R(0,34,-0,30,0,20)
19:43:38.998	L(0,01,-0,57,-0,05)	R(0,13,-0,28,0,04)
19:43:40.043	L(0,01,-0,57,-0,05)	R(0,12,-0,29,0,03)
19:43:41.088	L(0,01,-0,57,-0,05)	R(0,29,-0,33,0,02)
19:43:42.132	L(0,01,-0,57,-0,05)	R(0,09,-0,20,0,06)
19:43:43.175	L(0,01,-0,57,-0,05)	R(0,06,-0,24,0,08)
19:43:44.221	L(0,01,-0,57,-0,05)	R(0,07,-0,23,0,07)
19:43:45.254	L(0,01,-0,57,-0,05)	R(0,08,-0,24,0,07)
19:43:46.308	L(0,01,-0,57,-0,05)	R(0,06,-0,25,0,05)
19:43:47.356	L(0,01,-0,57,-0,05)	R(0,06,-0,25,0,05)
19:43:48.400	L(0,01,-0,57,-0,05)	R(0,06,-0,24,0,06)
19:43:49.454	L(0,01,-0,57,-0,05)	R(0,07,-0,24,0,05)
19:43:50.501	L(0,01,-0,57,-0,05)	R(0,07,-0,24,0,04)
19:43:51.544	L(0,01,-0,57,-0,05)	R(0,06,-0,25,0,04)
19:43:52.605	L(0,01,-0,57,-0,05)	R(0,08,-0,26,0,04)
19:43:53.651	L(0,01,-0,57,-0,05)	R(0,08,-0,24,0,01)
19:43:54.694	L(0,01,-0,57,-0,05)	R(0,07,-0,24,0,01)
19:43:55.738	L(0,01,-0,57,-0,05)	R(0,06,-0,26,0,02)
19:43:56.785	L(0,01,-0,57,-0,05)	R(0,09,-0,25,0,01)
19:43:57.799	L(0,01,-0,57,-0,05)	R(0,09,-0,24,0,02)
19:43:58.830	L(0,01,-0,57,-0,05)	R(0,09,-0,25,0,03)
19:43:59.889	L(0,01,-0,57,-0,05)	R(0,09,-0,25,0,05)
19:44:00.933	L(0,01,-0,57,-0,05)	R(0,08,-0,24,0,06)
19:44:01.990	L(0,01,-0,57,-0,05)	R(0,09,-0,24,0,06)
19:44:03.035	L(0,01,-0,57,-0,05)	R(0,10,-0,25,0,06)
19:44:04.091	L(0,01,-0,57,-0,05)	R(0,10,-0,25,0,04)
19:44:05.123	L(0,01,-0,57,-0,05)	R(0,10,-0,25,0,02)
19:44:06.168	L(0,01,-0,57,-0,05)	R(0,11,-0,25,0,02)
19:44:07.197	L(0,01,-0,57,-0,05)	R(0,10,-0,26,0,00)
19:44:08.214	L(0,01,-0,57,-0,05)	R(0,11,-0,25,0,00)
19:44:09.246	L(0,01,-0,57,-0,05)	R(0,12,-0,25,0,00)
19:44:10.291	L(0,01,-0,57,-0,05)	R(0,13,-0,26,0,02)
19:44:11.315	L(0,01,-0,58,-0,05)	R(0,13,-0,25,-0,01)
19:44:12.348	L(0,01,-0,58,-0,05)	R(0,13,-0,25,-0,01)
19:44:13.395	L(0,01,-0,57,-0,05)	R(0,12,-0,26,0,02)
19:44:14.433	L(0,01,-0,57,-0,05)	R(0,11,-0,24,0,03)
19:44:15.479	L(0,01,-0,57,-0,05)	R(0,12,-0,26,0,03)
19:44:16.508	L(0,01,-0,58,-0,05)	R(0,11,-0,25,0,05)
19:44:17.567	L(0,01,-0,58,-0,05)	R(0,11,-0,26,0,06)
19:44:18.613	L(0,01,-0,58,-0,05)	R(0,13,-0,26,0,06)
19:44:19.672	L(0,01,-0,58,-0,05)	R(0,13,-0,25,0,03)
19:44:20.730	L(0,01,-0,58,-0,05)	R(0,13,-0,25,0,03)
19:44:21.773	L(0,01,-0,58,-0,05)	R(0,14,-0,26,0,06)
19:44:22.817	L(0,01,-0,58,-0,05)	R(0,16,-0,26,0,05)
19:44:23.888	L(0,01,-0,58,-0,05)	R(0,15,-0,26,0,05)
19:44:24.932	L(0,01,-0,58,-0,05)	R(0,14,-0,26,0,03)
19:44:25.968	L(0,01,-0,58,-0,05)	R(0,15,-0,26,0,03)
19:44:27.021	L(0,01,-0,58,-0,05)	R(0,14,-0,25,0,02)
19:44:28.067	L(0,01,-0,58,-0,05)	R(0,14,-0,26,0,01)
19:44:29.112	L(0,01,-0,58,-0,05)	R(0,16,-0,27,0,01)
19:44:30.170	L(0,01,-0,58,-0,05)	R(0,16,-0,27,-0,01)
19:44:31.226	L(0,01,-0,58,-0,05)	R(0,14,-0,26,-0,02)
19:44:32.271	L(0,01,-0,58,-0,05)	R(0,14,-0,27,-0,01)
19:44:33.327	L(0,01,-0,58,-0,05)	R(0,29,-0,31,0,04)
19:44:34.384	L(0,01,-0,58,-0,05)	R(0,09,-0,30,-0,07)
19:44:35.460	L(0,01,-0,58,-0,05)	R(0,09,-0,30,-0,07)
19:44:36.519	L(0,01,-0,58,-0,05)	R(0,09,-0,30,-0,07)
