18:16:47.295	L(-0,14,-0,17,0,21)	R(0,30,-0,11,0,15)
18:16:48.335	L(-0,22,-0,19,0,27)	R(0,05,-0,15,0,23)
18:16:49.369	L(-0,18,-0,23,0,22)	R(0,15,-0,20,0,14)
18:16:50.405	L(-0,25,-0,22,0,22)	R(0,03,-0,09,0,27)
18:16:51.445	L(-0,28,-0,12,0,36)	R(0,06,-0,17,0,20)
18:16:52.453	L(-0,26,-0,11,0,37)	R(0,06,-0,19,0,21)
18:16:53.513	L(-0,27,-0,14,0,42)	R(0,05,-0,20,0,22)
18:16:54.532	L(-0,30,-0,11,0,35)	R(0,05,-0,19,0,20)
18:16:55.543	L(-0,39,-0,17,0,28)	R(0,07,-0,17,0,19)
18:16:56.550	L(-0,24,-0,15,0,42)	R(0,09,-0,19,0,22)
18:16:57.568	L(-0,23,-0,15,0,34)	R(0,07,-0,18,0,21)
18:16:58.584	L(-0,19,-0,17,0,27)	R(0,07,-0,17,0,19)
18:16:59.598	L(-0,16,-0,14,0,26)	R(0,09,-0,16,0,18)
18:17:00.616	L(-0,16,-0,15,0,27)	R(0,08,-0,17,0,19)
18:17:01.624	L(-0,11,-0,18,0,29)	R(0,10,-0,17,0,20)
18:17:02.645	L(-0,23,-0,14,0,37)	R(0,08,-0,21,0,23)
18:17:03.668	L(-0,20,-0,17,0,31)	R(0,07,-0,21,0,22)
18:17:04.689	L(-0,22,-0,18,0,39)	R(0,07,-0,20,0,22)
18:17:05.713	L(-0,13,-0,19,0,28)	R(0,08,-0,20,0,21)
18:17:06.756	L(-0,25,-0,15,0,46)	R(0,08,-0,21,0,23)
18:17:07.781	L(-0,15,-0,17,0,34)	R(0,08,-0,21,0,23)
18:17:08.820	L(-0,13,-0,18,0,33)	R(0,09,-0,22,0,23)
18:17:09.860	L(-0,13,-0,18,0,33)	R(0,09,-0,21,0,23)
18:17:10.891	L(-0,22,-0,17,0,41)	R(0,09,-0,21,0,23)
18:17:11.922	L(-0,13,-0,18,0,32)	R(0,09,-0,21,0,23)
18:17:12.959	L(-0,13,-0,18,0,33)	R(0,09,-0,21,0,23)
18:17:13.989	L(-0,26,-0,14,0,44)	R(0,07,-0,19,0,21)
18:17:15.016	L(-0,28,-0,23,0,14)	R(-0,08,-0,13,0,48)
18:17:16.041	L(-0,28,-0,24,0,15)	R(-0,06,-0,09,0,45)
18:17:17.066	L(-0,30,-0,24,0,17)	R(0,04,-0,10,0,35)
18:17:18.086	L(-0,28,-0,23,0,20)	R(0,06,-0,18,0,29)
18:17:19.114	L(-0,31,-0,24,0,19)	R(-0,07,-0,12,0,52)
18:17:20.147	L(-0,29,-0,24,0,20)	R(0,07,-0,14,0,37)
18:17:21.175	L(-0,28,-0,24,0,21)	R(0,06,-0,18,0,33)
18:17:22.198	L(-0,30,-0,24,0,20)	R(-0,05,-0,10,0,45)
18:17:23.226	L(-0,30,-0,24,0,19)	R(0,04,-0,12,0,39)
18:17:24.288	L(-0,27,-0,23,0,21)	R(0,06,-0,18,0,33)
18:17:25.314	L(-0,32,-0,24,0,19)	R(-0,06,-0,15,0,53)
18:17:26.343	L(-0,27,-0,24,0,23)	R(0,06,-0,17,0,36)
18:17:27.373	L(-0,27,-0,23,0,23)	R(0,04,-0,14,0,41)
18:17:28.412	L(-0,20,-0,18,0,41)	R(0,10,-0,18,0,23)
18:17:29.457	L(-0,09,-0,18,0,28)	R(0,13,-0,20,0,23)
18:17:30.489	L(-0,08,-0,20,0,29)	R(0,13,-0,20,0,24)
18:17:31.536	L(-0,25,-0,18,0,47)	R(0,13,-0,20,0,24)
18:17:32.574	L(-0,10,-0,16,0,32)	R(0,13,-0,20,0,24)
18:17:33.612	L(-0,08,-0,19,0,31)	R(0,13,-0,20,0,24)
18:17:34.643	L(-0,24,-0,20,0,47)	R(0,13,-0,20,0,24)
18:17:35.687	L(-0,10,-0,17,0,33)	R(0,13,-0,21,0,24)
18:17:36.715	L(-0,08,-0,18,0,33)	R(0,14,-0,21,0,24)
18:17:37.747	L(-0,23,-0,17,0,46)	R(0,14,-0,21,0,24)
18:17:38.778	L(-0,11,-0,16,0,33)	R(0,13,-0,21,0,24)
18:17:39.819	L(-0,08,-0,18,0,33)	R(0,14,-0,21,0,24)
18:17:40.851	L(-0,10,-0,17,0,32)	R(0,14,-0,21,0,24)
18:17:41.888	L(-0,22,-0,21,0,25)	R(0,00,-0,07,0,37)
18:17:42.923	L(-0,25,-0,22,0,22)	R(-0,03,-0,13,0,47)
18:17:43.960	L(-0,21,-0,24,0,30)	R(0,09,-0,17,0,30)
18:17:45.012	L(-0,22,-0,25,0,29)	R(0,09,-0,17,0,30)
18:17:46.046	L(-0,25,-0,27,0,29)	R(-0,08,-0,14,0,52)
18:17:47.082	L(-0,22,-0,25,0,27)	R(0,10,-0,16,0,30)
18:17:48.124	L(-0,24,-0,25,0,26)	R(0,05,-0,09,0,38)
18:17:49.165	L(-0,25,-0,24,0,24)	R(0,02,-0,13,0,45)
18:17:50.207	L(-0,21,-0,24,0,26)	R(0,09,-0,16,0,33)
18:17:51.239	L(-0,26,-0,23,0,24)	R(-0,07,-0,14,0,53)
18:17:52.277	L(-0,21,-0,24,0,26)	R(0,09,-0,16,0,35)
18:17:53.332	L(-0,23,-0,24,0,25)	R(0,09,-0,13,0,35)
18:17:54.373	L(-0,19,-0,19,0,41)	R(0,08,-0,29,0,14)
18:17:55.423	L(-0,05,-0,20,0,30)	R(0,11,-0,30,0,14)
18:17:56.486	L(-0,20,-0,18,0,42)	R(0,11,-0,31,0,14)
18:17:57.521	L(-0,06,-0,18,0,33)	R(0,12,-0,31,0,14)
18:17:58.570	L(-0,25,-0,19,0,47)	R(0,12,-0,30,0,14)
18:17:59.610	L(-0,05,-0,18,0,33)	R(0,12,-0,31,0,14)
18:18:00.651	L(-0,09,-0,18,0,34)	R(0,12,-0,31,0,14)
18:18:01.704	L(-0,19,-0,19,0,44)	R(0,12,-0,31,0,14)
18:18:02.733	L(-0,05,-0,18,0,37)	R(0,13,-0,31,0,15)
18:18:03.769	L(-0,08,-0,17,0,35)	R(0,12,-0,30,0,15)
18:18:04.814	L(-0,27,-0,24,0,21)	R(-0,08,-0,15,0,50)
18:18:05.857	L(-0,21,-0,24,0,23)	R(0,13,-0,16,0,33)
18:18:06.904	L(-0,21,-0,23,0,22)	R(0,13,-0,14,0,35)
18:18:07.965	L(-0,28,-0,23,0,20)	R(-0,03,-0,12,0,48)
18:18:08.995	L(-0,22,-0,22,0,22)	R(0,13,-0,17,0,33)
18:18:10.045	L(-0,26,-0,23,0,20)	R(-0,05,-0,10,0,49)
18:18:11.094	L(-0,23,-0,24,0,21)	R(0,12,-0,14,0,32)
18:18:12.147	L(-0,22,-0,24,0,21)	R(0,13,-0,18,0,32)
18:18:13.187	L(-0,27,-0,24,0,19)	R(-0,07,-0,10,0,49)
18:18:14.233	L(-0,23,-0,26,0,21)	R(0,14,-0,15,0,29)
18:18:15.254	L(-0,23,-0,25,0,21)	R(0,13,-0,16,0,30)
18:18:16.314	L(-0,19,-0,17,0,42)	R(0,16,-0,20,0,20)
18:18:17.339	L(-0,01,-0,18,0,37)	R(0,19,-0,22,0,17)
18:18:18.349	L(-0,07,-0,15,0,38)	R(0,19,-0,22,0,18)
18:18:19.369	L(-0,03,-0,14,0,46)	R(0,21,-0,24,0,19)
18:18:20.402	L(-0,02,-0,14,0,46)	R(0,21,-0,25,0,19)
18:18:21.456	L(0,00,-0,15,0,37)	R(0,21,-0,24,0,18)
18:18:22.500	L(0,01,-0,13,0,35)	R(0,19,-0,23,0,17)
18:18:23.507	L(0,01,-0,13,0,36)	R(0,20,-0,23,0,17)
18:18:24.550	L(0,01,-0,14,0,36)	R(0,20,-0,23,0,17)
18:18:25.607	L(0,00,-0,14,0,36)	R(0,20,-0,23,0,17)
18:18:26.673	L(-0,23,-0,14,0,47)	R(0,17,-0,22,0,16)
18:18:27.715	L(0,00,-0,14,0,33)	R(0,18,-0,23,0,13)
18:18:28.763	L(0,00,-0,15,0,34)	R(0,18,-0,23,0,13)
18:18:29.815	L(-0,21,-0,15,0,44)	R(0,17,-0,23,0,13)
18:18:30.866	L(-0,23,-0,15,0,49)	R(0,17,-0,23,0,13)
18:18:31.916	L(-0,01,-0,14,0,32)	R(0,16,-0,26,0,15)
18:18:32.954	L(0,00,-0,16,0,32)	R(0,16,-0,26,0,14)
18:18:33.987	L(-0,24,-0,17,0,49)	R(0,16,-0,26,0,15)
18:18:35.041	L(0,00,-0,17,0,31)	R(0,17,-0,26,0,14)
18:18:36.084	L(-0,01,-0,18,0,30)	R(0,17,-0,25,0,14)
18:18:37.145	L(-0,21,-0,20,0,19)	R(0,01,-0,06,0,35)
18:18:38.201	L(-0,29,-0,23,0,16)	R(-0,06,-0,11,0,51)
18:18:39.260	L(-0,30,-0,23,0,16)	R(-0,07,-0,14,0,47)
18:18:40.271	L(-0,22,-0,21,0,20)	R(0,16,-0,16,0,35)
18:18:41.308	L(-0,24,-0,23,0,19)	R(0,04,-0,10,0,39)
18:18:42.366	L(-0,29,-0,24,0,17)	R(0,00,-0,13,0,42)
18:18:43.368	L(-0,24,-0,23,0,20)	R(0,17,-0,17,0,34)
18:18:44.382	L(-0,25,-0,24,0,19)	R(0,01,-0,08,0,40)
18:18:45.421	L(-0,28,-0,24,0,17)	R(-0,02,-0,11,0,46)
18:18:46.438	L(-0,21,-0,23,0,20)	R(0,17,-0,17,0,32)
18:18:47.484	L(-0,25,-0,24,0,19)	R(0,08,-0,04,0,37)
18:18:48.511	L(-0,20,-0,24,0,20)	R(0,19,-0,18,0,31)
18:18:49.540	L(-0,20,-0,24,0,20)	R(0,19,-0,19,0,30)
18:18:50.583	L(-0,21,-0,25,0,20)	R(0,18,-0,18,0,31)
18:18:51.606	L(-0,23,-0,25,0,19)	R(0,21,-0,15,0,29)
18:18:52.646	L(-0,20,-0,26,0,20)	R(0,19,-0,20,0,30)
18:18:53.675	L(-0,21,-0,26,0,20)	R(0,18,-0,19,0,32)
18:18:54.702	L(-0,20,-0,26,0,20)	R(0,19,-0,20,0,30)
18:18:55.731	L(-0,21,-0,26,0,20)	R(0,18,-0,20,0,30)
18:18:56.752	L(-0,20,-0,26,0,20)	R(0,19,-0,20,0,29)
18:18:57.785	L(-0,21,-0,26,0,20)	R(0,17,-0,20,0,30)
18:18:58.816	L(-0,25,-0,26,0,19)	R(-0,05,-0,07,0,42)
18:18:59.833	L(-0,27,-0,25,0,19)	R(0,06,-0,10,0,38)
18:19:00.850	L(-0,21,-0,23,0,26)	R(0,19,-0,17,0,32)
18:19:01.902	L(-0,21,-0,24,0,26)	R(0,17,-0,19,0,32)
18:19:02.931	L(-0,23,-0,18,0,33)	R(0,10,-0,18,0,25)
18:19:03.939	L(-0,23,-0,21,0,46)	R(0,11,-0,28,0,12)
18:19:05.000	L(-0,03,-0,13,0,32)	R(0,11,-0,30,0,11)
18:19:06.035	L(0,03,-0,16,0,34)	R(0,12,-0,29,0,11)
18:19:07.058	L(0,04,-0,17,0,37)	R(0,13,-0,29,0,11)
18:19:08.117	L(-0,23,-0,15,0,50)	R(0,12,-0,29,0,11)
18:19:09.170	L(0,00,-0,14,0,33)	R(0,12,-0,29,0,10)
18:19:10.175	L(0,03,-0,15,0,35)	R(0,13,-0,29,0,10)
18:19:11.204	L(-0,06,-0,13,0,38)	R(0,13,-0,29,0,10)
18:19:12.262	L(-0,17,-0,16,0,41)	R(0,12,-0,29,0,10)
18:19:13.298	L(0,03,-0,16,0,33)	R(0,12,-0,29,0,10)
18:19:14.356	L(-0,18,-0,15,0,46)	R(0,12,-0,29,0,10)
18:19:15.361	L(-0,08,-0,15,0,34)	R(0,12,-0,29,0,10)
18:19:16.386	L(0,03,-0,18,0,31)	R(0,13,-0,28,0,10)
18:19:17.439	L(-0,12,-0,17,0,28)	R(0,12,-0,27,0,13)
18:19:18.485	L(-0,31,-0,23,0,15)	R(-0,09,-0,13,0,49)
18:19:19.533	L(-0,23,-0,22,0,20)	R(0,20,-0,12,0,32)
18:19:20.562	L(-0,22,-0,23,0,21)	R(0,21,-0,17,0,35)
18:19:21.618	L(-0,28,-0,22,0,18)	R(-0,01,-0,08,0,47)
18:19:22.633	L(-0,30,-0,24,0,16)	R(0,04,-0,11,0,42)
18:19:23.653	L(-0,20,-0,22,0,20)	R(0,20,-0,16,0,33)
18:19:24.698	L(-0,21,-0,22,0,20)	R(0,21,-0,17,0,33)
18:19:25.762	L(-0,31,-0,23,0,15)	R(-0,06,-0,14,0,51)
18:19:26.806	L(-0,21,-0,22,0,19)	R(0,21,-0,16,0,31)
18:19:27.841	L(-0,20,-0,23,0,19)	R(0,21,-0,17,0,31)
18:19:28.862	L(-0,31,-0,25,0,15)	R(-0,12,-0,14,0,52)
18:19:29.876	L(-0,27,-0,24,0,16)	R(0,11,-0,13,0,32)
18:19:30.906	L(-0,22,-0,24,0,18)	R(0,20,-0,18,0,29)
18:19:31.906	L(-0,22,-0,24,0,18)	R(0,21,-0,18,0,29)
18:19:32.940	L(-0,22,-0,25,0,18)	R(0,21,-0,17,0,24)
18:19:33.959	L(-0,22,-0,24,0,20)	R(0,22,-0,15,0,16)
18:19:34.972	L(-0,23,-0,25,0,21)	R(0,39,-0,03,0,12)
18:19:35.977	L(-0,24,-0,23,0,20)	R(0,55,-0,05,0,12)
18:19:36.987	L(-0,22,-0,24,0,19)	R(0,43,-0,05,0,10)
18:19:37.998	L(-0,23,-0,25,0,19)	R(0,32,-0,08,0,12)
18:19:39.017	L(-0,23,-0,24,0,19)	R(0,28,-0,13,0,17)
18:19:40.021	L(-0,22,-0,24,0,19)	R(0,30,-0,13,0,16)
18:19:41.078	L(-0,23,-0,23,0,17)	R(0,29,-0,13,0,12)
18:19:42.109	L(-0,20,-0,23,0,19)	R(0,47,-0,13,0,09)
18:19:43.113	L(-0,22,-0,24,0,18)	R(0,57,-0,16,0,12)
18:19:44.121	L(-0,27,-0,24,0,16)	R(-0,02,-0,20,0,21)
18:19:45.138	L(-0,37,-0,26,0,10)	R(-0,25,-0,17,0,34)
18:19:46.200	L(-0,30,-0,24,0,14)	R(0,03,-0,11,0,23)
18:19:47.247	L(-0,27,-0,25,0,18)	R(0,06,-0,21,0,26)
18:19:48.324	L(-0,28,-0,26,0,18)	R(0,05,-0,21,0,26)
18:19:49.372	L(-0,26,-0,25,0,18)	R(0,08,-0,19,0,23)
18:19:50.381	L(-0,25,-0,25,0,20)	R(0,22,-0,10,0,15)
18:19:51.383	L(-0,23,-0,24,0,20)	R(0,48,-0,15,0,11)
18:19:52.403	L(-0,23,-0,25,0,19)	R(0,49,-0,15,0,13)
18:19:53.425	L(-0,23,-0,21,0,20)	R(0,19,-0,15,0,21)
18:19:54.430	L(-0,22,-0,23,0,22)	R(0,30,-0,18,0,31)
18:19:55.469	L(-0,26,-0,25,0,20)	R(0,11,-0,11,0,26)
18:19:56.497	L(-0,30,-0,25,0,19)	R(-0,04,-0,18,0,26)
18:19:57.528	L(-0,30,-0,25,0,19)	R(-0,04,-0,18,0,25)
18:19:58.542	L(-0,27,-0,24,0,20)	R(0,19,-0,15,0,29)
18:19:59.584	L(-0,26,-0,24,0,20)	R(0,23,-0,18,0,34)
18:20:00.616	L(-0,29,-0,25,0,18)	R(0,02,-0,16,0,26)
18:20:01.648	L(-0,30,-0,26,0,19)	R(0,00,-0,18,0,27)
18:20:02.674	L(-0,28,-0,25,0,19)	R(0,19,-0,17,0,33)
18:20:03.708	L(-0,27,-0,25,0,20)	R(0,25,-0,21,0,41)
18:20:04.736	L(-0,28,-0,26,0,18)	R(0,10,-0,18,0,28)
18:20:05.785	L(-0,28,-0,26,0,19)	R(0,06,-0,18,0,27)
18:20:06.813	L(-0,27,-0,26,0,19)	R(0,20,-0,17,0,34)
18:20:07.834	L(-0,27,-0,25,0,19)	R(0,25,-0,20,0,39)
18:20:08.857	L(-0,28,-0,26,0,19)	R(0,11,-0,17,0,27)
18:20:09.892	L(-0,28,-0,26,0,19)	R(0,10,-0,17,0,26)
18:20:10.919	L(-0,26,-0,25,0,21)	R(0,26,-0,18,0,41)
18:20:11.945	L(-0,25,-0,25,0,20)	R(0,19,-0,16,0,30)
18:20:12.979	L(-0,26,-0,26,0,20)	R(0,13,-0,18,0,26)
18:20:14.006	L(-0,26,-0,26,0,19)	R(0,13,-0,17,0,25)
18:20:15.053	L(-0,07,-0,23,0,26)	R(0,14,-0,18,0,17)
18:20:16.085	L(-0,09,-0,21,0,27)	R(0,15,-0,18,0,17)
18:20:17.117	L(0,00,-0,09,0,28)	R(0,18,-0,18,0,14)
18:20:18.137	L(0,00,-0,13,0,27)	R(0,18,-0,19,0,13)
18:20:19.194	L(-0,14,-0,17,0,20)	R(0,21,-0,16,0,24)
18:20:20.214	L(-0,23,-0,24,0,21)	R(0,24,-0,17,0,37)
18:20:21.232	L(-0,25,-0,24,0,21)	R(0,25,-0,17,0,40)
18:20:22.250	L(-0,30,-0,26,0,19)	R(0,07,-0,10,0,33)
18:20:23.294	L(-0,33,-0,25,0,21)	R(-0,03,-0,17,0,30)
18:20:24.323	L(-0,33,-0,25,0,20)	R(-0,04,-0,18,0,29)
18:20:25.371	L(-0,34,-0,25,0,20)	R(-0,05,-0,18,0,29)
18:20:26.394	L(-0,28,-0,24,0,21)	R(0,16,-0,14,0,30)
18:20:27.414	L(-0,31,-0,26,0,23)	R(-0,01,-0,18,0,29)
18:20:28.450	L(-0,31,-0,26,0,23)	R(-0,02,-0,18,0,29)
18:20:29.480	L(-0,33,-0,26,0,22)	R(-0,07,-0,19,0,31)
18:20:30.509	L(-0,33,-0,26,0,22)	R(-0,07,-0,19,0,30)
18:20:31.546	L(-0,31,-0,27,0,21)	R(-0,07,-0,23,0,29)
18:20:32.597	L(-0,31,-0,27,0,21)	R(-0,07,-0,20,0,28)
18:20:33.626	L(-0,32,-0,25,0,19)	R(-0,04,-0,17,0,26)
18:20:34.687	L(-0,31,-0,26,0,20)	R(-0,04,-0,19,0,26)
18:20:35.718	L(-0,33,-0,26,0,20)	R(-0,04,-0,20,0,30)
18:20:36.749	L(-0,32,-0,26,0,20)	R(-0,04,-0,20,0,29)
18:20:37.779	L(-0,32,-0,26,0,20)	R(-0,03,-0,19,0,29)
18:20:38.817	L(-0,29,-0,23,0,17)	R(0,02,-0,18,0,29)
18:20:39.865	L(-0,26,-0,20,0,14)	R(0,04,-0,24,0,29)
18:20:40.898	L(-0,29,-0,24,0,17)	R(-0,01,-0,22,0,28)
18:20:41.932	L(-0,28,-0,25,0,18)	R(-0,01,-0,22,0,28)
18:20:42.954	L(-0,29,-0,25,0,17)	R(-0,03,-0,23,0,29)
18:20:43.973	L(-0,29,-0,25,0,17)	R(-0,02,-0,23,0,29)
18:20:45.000	L(-0,29,-0,24,0,17)	R(0,04,-0,19,0,27)
18:20:46.030	L(-0,24,-0,24,0,19)	R(0,24,-0,17,0,37)
18:20:47.050	L(-0,24,-0,24,0,19)	R(0,19,-0,15,0,27)
18:20:48.067	L(-0,23,-0,24,0,19)	R(0,28,-0,19,0,43)
18:20:49.107	L(-0,25,-0,25,0,18)	R(0,16,-0,12,0,25)
18:20:50.130	L(-0,30,-0,27,0,18)	R(-0,01,-0,20,0,25)
18:20:51.152	L(-0,30,-0,28,0,19)	R(0,02,-0,24,0,30)
18:20:52.173	L(-0,30,-0,28,0,19)	R(0,02,-0,24,0,30)
18:20:53.187	L(-0,28,-0,27,0,20)	R(0,15,-0,17,0,30)
18:20:54.219	L(-0,23,-0,25,0,21)	R(0,28,-0,20,0,39)
18:20:55.245	L(-0,25,-0,25,0,18)	R(0,17,-0,14,0,26)
18:20:56.255	L(-0,27,-0,27,0,18)	R(0,05,-0,22,0,28)
18:20:57.276	L(-0,27,-0,27,0,18)	R(0,06,-0,23,0,29)
18:20:58.307	L(-0,24,-0,26,0,20)	R(0,28,-0,20,0,40)
18:20:59.328	L(-0,24,-0,26,0,19)	R(0,21,-0,16,0,30)
18:21:00.337	L(-0,26,-0,26,0,18)	R(0,11,-0,21,0,27)
18:21:01.340	L(-0,26,-0,27,0,19)	R(0,10,-0,23,0,28)
18:21:02.345	L(-0,26,-0,26,0,18)	R(0,11,-0,22,0,28)
18:21:03.356	L(-0,24,-0,26,0,17)	R(0,13,-0,19,0,25)
18:21:04.358	L(-0,23,-0,26,0,18)	R(0,16,-0,15,0,22)
18:21:05.386	L(-0,22,-0,26,0,19)	R(0,37,-0,15,0,11)
18:21:06.415	L(-0,22,-0,27,0,18)	R(0,50,-0,15,0,11)
18:21:07.442	L(-0,22,-0,27,0,18)	R(0,50,-0,15,0,13)
18:21:08.447	L(-0,22,-0,27,0,18)	R(0,54,-0,16,0,15)
18:21:09.490	L(-0,23,-0,25,0,17)	R(0,26,-0,20,0,15)
18:21:10.500	L(-0,27,-0,23,0,16)	R(0,24,-0,22,0,18)
18:21:11.506	L(-0,21,-0,19,0,22)	R(0,22,-0,19,0,19)
18:21:12.516	L(-0,19,-0,21,0,22)	R(0,23,-0,20,0,20)
18:21:13.578	L(-0,20,-0,20,0,27)	R(0,22,-0,18,0,23)
18:21:14.656	L(-0,22,-0,24,0,32)	R(0,17,-0,10,0,34)
18:21:15.657	L(-0,23,-0,26,0,32)	R(0,08,-0,12,0,48)
18:21:16.664	L(-0,24,-0,26,0,32)	R(0,05,-0,17,0,54)
18:21:17.704	L(-0,23,-0,23,0,30)	R(0,13,-0,10,0,46)
18:21:18.760	L(-0,16,-0,20,0,23)	R(0,23,-0,05,0,31)
18:21:19.777	L(-0,16,-0,21,0,20)	R(0,24,-0,05,0,25)
18:21:20.839	L(-0,16,-0,23,0,21)	R(0,21,-0,09,0,25)
18:21:21.907	L(-0,17,-0,25,0,23)	R(0,18,-0,13,0,29)
18:21:22.946	L(-0,16,-0,25,0,23)	R(0,22,-0,15,0,30)
18:21:23.988	L(-0,12,-0,24,0,23)	R(0,26,-0,16,0,26)
18:21:25.017	L(-0,12,-0,25,0,24)	R(0,25,-0,17,0,26)
18:21:26.043	L(-0,13,-0,25,0,24)	R(0,24,-0,17,0,26)
18:21:27.089	L(-0,15,-0,25,0,22)	R(0,19,-0,14,0,29)
18:21:28.123	L(-0,17,-0,27,0,23)	R(0,16,-0,13,0,30)
18:21:29.164	L(-0,17,-0,27,0,23)	R(0,18,-0,13,0,28)
18:21:30.193	L(-0,17,-0,26,0,22)	R(0,17,-0,14,0,26)
18:21:31.223	L(-0,17,-0,27,0,22)	R(0,17,-0,13,0,27)
18:21:32.271	L(-0,18,-0,27,0,22)	R(0,15,-0,14,0,28)
18:21:33.299	L(-0,19,-0,27,0,22)	R(0,12,-0,14,0,29)
18:21:34.340	L(-0,21,-0,27,0,21)	R(0,09,-0,13,0,28)
18:21:35.374	L(-0,22,-0,27,0,21)	R(0,06,-0,15,0,30)
18:21:36.428	L(-0,23,-0,27,0,21)	R(0,05,-0,17,0,30)
18:21:37.457	L(-0,22,-0,26,0,20)	R(0,07,-0,18,0,27)
18:21:38.478	L(-0,21,-0,26,0,20)	R(0,08,-0,18,0,27)
18:21:39.537	L(-0,22,-0,27,0,21)	R(0,10,-0,17,0,27)
18:21:40.582	L(-0,22,-0,27,0,21)	R(0,10,-0,16,0,28)
18:21:41.606	L(-0,22,-0,27,0,21)	R(0,08,-0,15,0,28)
18:21:42.656	L(-0,22,-0,27,0,21)	R(0,07,-0,16,0,27)
18:21:43.698	L(-0,22,-0,27,0,21)	R(0,08,-0,17,0,28)
18:21:44.713	L(-0,23,-0,27,0,21)	R(0,04,-0,16,0,27)
18:21:45.721	L(-0,23,-0,27,0,21)	R(0,04,-0,18,0,28)
18:21:46.728	L(-0,23,-0,27,0,21)	R(0,04,-0,18,0,28)
18:21:47.761	L(-0,23,-0,27,0,21)	R(0,04,-0,17,0,28)
18:21:48.780	L(-0,23,-0,27,0,21)	R(0,04,-0,18,0,30)
18:21:49.821	L(-0,23,-0,27,0,21)	R(0,04,-0,14,0,30)
18:21:50.867	L(-0,24,-0,28,0,22)	R(0,05,-0,15,0,31)
18:21:51.898	L(-0,24,-0,28,0,21)	R(0,03,-0,14,0,30)
18:21:52.928	L(-0,24,-0,28,0,22)	R(0,04,-0,15,0,31)
18:21:53.953	L(-0,23,-0,27,0,21)	R(0,09,-0,13,0,29)
18:21:54.966	L(-0,22,-0,27,0,22)	R(0,09,-0,14,0,30)
18:21:55.988	L(-0,23,-0,27,0,22)	R(0,07,-0,14,0,29)
18:21:57.024	L(-0,23,-0,27,0,22)	R(0,06,-0,14,0,30)
18:21:58.064	L(-0,23,-0,27,0,22)	R(0,08,-0,14,0,29)
18:21:59.095	L(-0,21,-0,27,0,22)	R(0,10,-0,14,0,28)
18:22:00.121	L(-0,22,-0,27,0,22)	R(0,10,-0,14,0,29)
18:22:01.148	L(-0,21,-0,27,0,22)	R(0,11,-0,13,0,28)
18:22:02.172	L(-0,21,-0,27,0,22)	R(0,10,-0,14,0,27)
18:22:03.202	L(-0,22,-0,27,0,21)	R(0,10,-0,15,0,27)
18:22:04.228	L(-0,22,-0,27,0,21)	R(0,10,-0,15,0,27)
18:22:05.262	L(-0,22,-0,27,0,20)	R(0,09,-0,15,0,25)
18:22:06.294	L(-0,22,-0,27,0,20)	R(0,10,-0,16,0,26)
18:22:07.320	L(-0,22,-0,27,0,21)	R(0,11,-0,15,0,25)
18:22:08.358	L(-0,22,-0,27,0,20)	R(0,09,-0,16,0,24)
18:22:09.399	L(-0,22,-0,27,0,20)	R(0,09,-0,17,0,24)
18:22:10.442	L(-0,22,-0,27,0,20)	R(0,10,-0,16,0,24)
18:22:11.483	L(-0,22,-0,27,0,20)	R(0,11,-0,17,0,24)
18:22:12.516	L(-0,22,-0,26,0,20)	R(0,12,-0,14,0,24)
18:22:13.564	L(-0,20,-0,26,0,21)	R(0,14,-0,14,0,23)
18:22:14.591	L(-0,21,-0,27,0,21)	R(0,13,-0,16,0,25)
18:22:15.626	L(-0,21,-0,27,0,21)	R(0,12,-0,16,0,23)
18:22:16.680	L(-0,21,-0,27,0,21)	R(0,13,-0,17,0,23)
18:22:17.724	L(-0,21,-0,27,0,21)	R(0,14,-0,17,0,23)
18:22:18.766	L(-0,22,-0,27,0,20)	R(0,11,-0,14,0,22)
18:22:19.822	L(-0,31,-0,24,0,15)	R(-0,15,-0,19,0,33)
18:22:20.865	L(-0,32,-0,25,0,14)	R(-0,13,-0,20,0,35)
18:22:21.875	L(-0,31,-0,25,0,15)	R(-0,14,-0,19,0,36)
18:22:22.937	L(-0,27,-0,25,0,17)	R(0,11,-0,15,0,27)
18:22:23.973	L(-0,22,-0,24,0,21)	R(0,22,-0,17,0,30)
18:22:25.007	L(-0,22,-0,24,0,19)	R(0,18,-0,13,0,26)
18:22:26.040	L(-0,21,-0,23,0,22)	R(0,19,-0,17,0,28)
18:22:27.068	L(-0,20,-0,22,0,23)	R(0,18,-0,23,0,30)
18:22:28.098	L(-0,20,-0,23,0,22)	R(0,18,-0,24,0,31)
18:22:29.125	L(-0,18,-0,20,0,24)	R(0,19,-0,21,0,24)
18:22:30.149	L(-0,14,-0,19,0,30)	R(0,19,-0,15,0,20)
18:22:31.183	L(-0,13,-0,20,0,31)	R(0,17,-0,16,0,21)
18:22:32.226	L(-0,14,-0,19,0,29)	R(0,18,-0,15,0,19)
18:22:33.259	L(-0,09,-0,21,0,31)	R(0,18,-0,15,0,19)
18:22:34.289	L(-0,10,-0,20,0,32)	R(0,18,-0,16,0,19)
18:22:35.341	L(-0,11,-0,20,0,32)	R(0,07,-0,24,0,25)
18:22:36.369	L(-0,11,-0,23,0,33)	R(0,05,-0,26,0,23)
18:22:37.409	L(-0,10,-0,24,0,33)	R(0,04,-0,26,0,22)
18:22:38.438	L(-0,12,-0,22,0,31)	R(0,03,-0,25,0,22)
18:22:39.453	L(-0,16,-0,29,0,32)	R(0,23,-0,24,0,32)
18:22:40.464	L(-0,15,-0,38,0,24)	R(0,12,-0,39,0,33)
18:22:41.489	L(-0,15,-0,38,0,24)	R(0,10,-0,38,0,38)
18:22:42.514	L(-0,15,-0,38,0,24)	R(0,12,-0,37,0,34)
18:22:43.549	L(-0,15,-0,37,0,24)	R(0,26,-0,17,0,32)
18:22:44.577	L(-0,15,-0,38,0,24)	R(0,21,-0,21,0,37)
18:22:45.612	L(-0,15,-0,38,0,24)	R(0,23,-0,23,0,33)
18:22:46.657	L(-0,15,-0,38,0,24)	R(0,24,-0,22,0,31)
18:22:47.715	L(-0,16,-0,38,0,24)	R(0,19,-0,23,0,29)
18:22:48.755	L(-0,16,-0,38,0,24)	R(0,15,-0,13,0,11)
18:22:49.760	L(-0,15,-0,37,0,23)	R(0,15,-0,14,0,09)
18:22:50.800	L(-0,15,-0,37,0,24)	R(0,15,-0,19,0,20)
18:22:51.834	L(-0,16,-0,38,0,24)	R(0,16,-0,24,0,32)
18:22:52.869	L(-0,15,-0,38,0,24)	R(0,14,-0,26,0,33)
18:22:53.899	L(-0,15,-0,38,0,24)	R(0,15,-0,26,0,32)
18:22:54.944	L(-0,15,-0,38,0,24)	R(0,18,-0,25,0,30)
18:22:55.983	L(-0,16,-0,38,0,24)	R(0,20,-0,18,0,27)
18:22:57.025	L(-0,16,-0,38,0,24)	R(0,19,-0,19,0,28)
18:22:58.059	L(-0,15,-0,38,0,24)	R(0,17,-0,24,0,31)
18:22:59.090	L(-0,15,-0,38,0,24)	R(0,17,-0,24,0,30)
18:23:00.119	L(-0,16,-0,37,0,24)	R(0,10,-0,20,0,23)
18:23:01.146	L(-0,13,-0,21,0,34)	R(-0,01,-0,26,0,25)
18:23:02.198	L(-0,15,-0,21,0,33)	R(-0,06,-0,26,0,25)
18:23:03.240	L(-0,13,-0,20,0,34)	R(-0,06,-0,26,0,25)
18:23:04.266	L(-0,11,-0,21,0,35)	R(-0,05,-0,29,0,24)
18:23:05.267	L(-0,11,-0,21,0,35)	R(-0,05,-0,36,0,24)
18:23:06.304	L(-0,12,-0,21,0,35)	R(-0,06,-0,36,0,24)
18:23:07.333	L(-0,12,-0,21,0,35)	R(-0,06,-0,36,0,25)
18:23:08.372	L(-0,13,-0,22,0,35)	R(-0,06,-0,36,0,25)
18:23:09.405	L(-0,15,-0,22,0,34)	R(-0,06,-0,36,0,25)
18:23:10.441	L(-0,15,-0,23,0,36)	R(-0,06,-0,35,0,25)
18:23:11.466	L(-0,14,-0,22,0,34)	R(-0,06,-0,36,0,25)
18:23:12.507	L(-0,12,-0,14,0,32)	R(-0,06,-0,36,0,25)
18:23:13.512	L(-0,19,-0,16,0,32)	R(-0,05,-0,33,0,20)
18:23:14.547	L(-0,14,-0,18,0,30)	R(0,06,-0,26,0,20)
18:23:15.548	L(-0,16,-0,12,0,25)	R(0,06,-0,20,0,17)
18:23:16.591	L(-0,12,-0,22,0,31)	R(0,04,-0,34,0,25)
18:23:17.645	L(-0,14,-0,24,0,35)	R(0,03,-0,38,0,26)
18:23:18.679	L(-0,15,-0,22,0,32)	R(0,14,-0,22,0,24)
18:23:19.704	L(-0,16,-0,32,0,22)	R(0,20,-0,20,0,30)
18:23:20.739	L(-0,16,-0,36,0,19)	R(0,21,-0,22,0,31)
18:23:21.767	L(-0,17,-0,36,0,19)	R(0,24,-0,19,0,33)
18:23:22.809	L(-0,17,-0,36,0,19)	R(0,22,-0,19,0,31)
18:23:23.832	L(-0,19,-0,35,0,18)	R(0,20,-0,17,0,27)
18:23:24.839	L(-0,17,-0,34,0,17)	R(0,19,-0,15,0,25)
18:23:25.871	L(-0,19,-0,35,0,18)	R(0,19,-0,17,0,26)
18:23:26.883	L(-0,21,-0,36,0,18)	R(0,20,-0,16,0,24)
18:23:27.902	L(-0,21,-0,36,0,18)	R(0,20,-0,16,0,28)
18:23:28.938	L(-0,21,-0,36,0,19)	R(0,20,-0,20,0,31)
18:23:29.968	L(-0,21,-0,36,0,19)	R(0,20,-0,22,0,30)
18:23:30.998	L(-0,21,-0,36,0,19)	R(0,20,-0,22,0,30)
18:23:32.043	L(-0,19,-0,35,0,19)	R(0,19,-0,21,0,29)
18:23:33.095	L(-0,14,-0,19,0,32)	R(0,00,-0,27,0,26)
18:23:34.144	L(-0,14,-0,20,0,33)	R(-0,02,-0,32,0,30)
18:23:35.190	L(-0,14,-0,19,0,33)	R(-0,01,-0,31,0,27)
18:23:36.214	L(-0,04,-0,15,0,31)	R(0,03,-0,30,0,25)
18:23:37.244	L(-0,06,-0,16,0,30)	R(0,04,-0,29,0,25)
18:23:38.276	L(-0,06,-0,18,0,29)	R(0,07,-0,26,0,24)
18:23:39.303	L(0,07,-0,23,0,31)	R(0,20,-0,22,0,21)
18:23:40.329	L(0,03,-0,17,0,35)	R(0,20,-0,22,0,21)
18:23:41.359	L(0,06,-0,24,0,34)	R(0,21,-0,25,0,23)
18:23:42.376	L(0,06,-0,24,0,31)	R(0,21,-0,24,0,22)
18:23:43.399	L(-0,07,-0,23,0,30)	R(0,19,-0,25,0,24)
18:23:44.428	L(-0,07,-0,17,0,33)	R(0,15,-0,25,0,25)
18:23:45.465	L(0,00,-0,17,0,37)	R(0,14,-0,27,0,27)
18:23:46.507	L(0,00,-0,17,0,36)	R(0,14,-0,27,0,26)
18:23:47.525	L(0,04,-0,24,0,26)	R(0,27,-0,19,0,22)
18:23:48.559	L(-0,21,-0,21,0,34)	R(0,28,-0,13,0,24)
18:23:49.584	L(-0,19,-0,22,0,29)	R(0,32,-0,16,0,37)
18:23:50.595	L(-0,19,-0,22,0,28)	R(0,26,-0,17,0,28)
18:23:51.631	L(-0,21,-0,23,0,29)	R(0,17,-0,20,0,29)
18:23:52.656	L(-0,21,-0,23,0,28)	R(0,16,-0,20,0,29)
18:23:53.672	L(-0,13,-0,21,0,28)	R(0,19,-0,16,0,19)
18:23:54.680	L(-0,32,-0,23,0,16)	R(-0,13,-0,18,0,32)
18:23:55.728	L(-0,24,-0,21,0,22)	R(0,12,-0,10,0,28)
18:23:56.772	L(-0,17,-0,28,0,40)	R(0,15,-0,11,0,37)
18:23:57.800	L(-0,17,-0,34,0,37)	R(0,15,-0,12,0,42)
18:23:58.847	L(-0,17,-0,34,0,37)	R(0,16,-0,13,0,40)
18:23:59.872	L(-0,17,-0,34,0,37)	R(0,17,-0,13,0,40)
18:24:00.905	L(-0,17,-0,34,0,37)	R(0,15,-0,12,0,38)
18:24:01.935	L(-0,17,-0,34,0,37)	R(0,15,-0,13,0,39)
18:24:02.965	L(-0,17,-0,34,0,37)	R(0,14,-0,12,0,38)
18:24:03.995	L(-0,18,-0,34,0,37)	R(0,12,-0,12,0,37)
18:24:05.023	L(-0,18,-0,34,0,37)	R(0,13,-0,11,0,36)
18:24:06.056	L(-0,17,-0,34,0,37)	R(0,14,-0,11,0,35)
18:24:07.085	L(-0,17,-0,34,0,37)	R(0,16,-0,11,0,33)
18:24:08.108	L(-0,17,-0,34,0,37)	R(0,16,-0,11,0,31)
18:24:09.154	L(-0,17,-0,34,0,37)	R(0,16,-0,11,0,32)
18:24:10.190	L(-0,17,-0,34,0,37)	R(0,16,-0,12,0,33)
18:24:11.219	L(-0,17,-0,34,0,37)	R(0,15,-0,12,0,35)
18:24:12.251	L(-0,17,-0,34,0,37)	R(0,16,-0,12,0,36)
18:24:13.297	L(-0,17,-0,34,0,37)	R(0,17,-0,12,0,35)
18:24:14.338	L(-0,17,-0,34,0,37)	R(0,18,-0,12,0,36)
18:24:15.384	L(-0,17,-0,34,0,37)	R(0,18,-0,12,0,36)
18:24:16.426	L(-0,17,-0,34,0,37)	R(0,17,-0,12,0,37)
18:24:17.457	L(-0,18,-0,34,0,37)	R(0,16,-0,11,0,36)
18:24:18.487	L(-0,17,-0,34,0,37)	R(0,17,-0,13,0,40)
18:24:19.521	L(-0,18,-0,34,0,37)	R(0,18,-0,13,0,37)
18:24:20.549	L(-0,17,-0,34,0,38)	R(0,19,-0,13,0,38)
18:24:21.579	L(-0,17,-0,34,0,37)	R(0,20,-0,13,0,37)
18:24:22.622	L(-0,17,-0,34,0,38)	R(0,22,-0,13,0,36)
18:24:23.668	L(-0,17,-0,34,0,38)	R(0,21,-0,12,0,34)
18:24:24.700	L(-0,17,-0,34,0,37)	R(0,21,-0,12,0,33)
18:24:25.727	L(-0,18,-0,34,0,37)	R(0,19,-0,12,0,34)
18:24:26.773	L(-0,18,-0,34,0,38)	R(0,19,-0,13,0,35)
18:24:27.815	L(-0,18,-0,34,0,37)	R(0,18,-0,12,0,33)
18:24:28.848	L(-0,18,-0,34,0,38)	R(0,20,-0,12,0,32)
18:24:29.876	L(-0,18,-0,34,0,37)	R(0,19,-0,12,0,32)
18:24:30.906	L(-0,18,-0,34,0,37)	R(0,18,-0,12,0,31)
18:24:31.935	L(-0,18,-0,34,0,37)	R(0,19,-0,12,0,30)
18:24:32.980	L(-0,17,-0,34,0,37)	R(0,21,-0,12,0,29)
18:24:34.015	L(-0,17,-0,33,0,37)	R(0,21,-0,13,0,30)
18:24:35.054	L(-0,17,-0,33,0,37)	R(0,21,-0,12,0,29)
18:24:36.112	L(-0,18,-0,33,0,37)	R(0,21,-0,11,0,29)
18:24:37.141	L(-0,17,-0,33,0,37)	R(0,22,-0,12,0,27)
18:24:38.177	L(-0,17,-0,33,0,37)	R(0,23,-0,12,0,30)
18:24:39.201	L(-0,17,-0,34,0,37)	R(0,23,-0,12,0,30)
18:24:40.251	L(-0,17,-0,34,0,37)	R(0,24,-0,13,0,32)
18:24:41.293	L(-0,18,-0,33,0,38)	R(0,22,-0,13,0,33)
18:24:42.323	L(-0,18,-0,33,0,38)	R(0,23,-0,13,0,34)
18:24:43.354	L(-0,18,-0,33,0,38)	R(0,24,-0,13,0,34)
18:24:44.382	L(-0,18,-0,33,0,38)	R(0,25,-0,13,0,33)
18:24:45.412	L(-0,17,-0,33,0,38)	R(0,26,-0,13,0,32)
18:24:46.441	L(-0,17,-0,33,0,38)	R(0,27,-0,13,0,31)
18:24:47.474	L(-0,17,-0,33,0,38)	R(0,27,-0,13,0,30)
18:24:48.501	L(-0,17,-0,33,0,38)	R(0,26,-0,13,0,30)
18:24:49.538	L(-0,18,-0,33,0,38)	R(0,25,-0,13,0,31)
18:24:50.561	L(-0,18,-0,33,0,38)	R(0,24,-0,13,0,29)
18:24:51.594	L(-0,18,-0,33,0,37)	R(0,24,-0,12,0,28)
18:24:52.628	L(-0,18,-0,33,0,38)	R(0,25,-0,13,0,28)
18:24:53.668	L(-0,18,-0,33,0,37)	R(0,25,-0,12,0,27)
18:24:54.693	L(-0,18,-0,33,0,37)	R(0,23,-0,12,0,27)
18:24:55.715	L(-0,18,-0,33,0,38)	R(0,25,-0,12,0,26)
18:24:56.734	L(-0,18,-0,33,0,37)	R(0,24,-0,11,0,26)
18:24:57.788	L(-0,18,-0,32,0,38)	R(0,12,-0,09,0,30)
18:24:58.819	L(-0,21,-0,28,0,30)	R(-0,10,-0,17,0,43)
18:24:59.850	L(-0,22,-0,27,0,30)	R(-0,10,-0,19,0,44)
18:25:00.873	L(-0,19,-0,27,0,29)	R(0,04,-0,15,0,32)
18:25:01.897	L(-0,17,-0,26,0,26)	R(0,16,-0,14,0,21)
18:25:02.913	L(-0,18,-0,27,0,24)	R(0,17,-0,16,0,21)
18:25:03.916	L(-0,19,-0,29,0,24)	R(0,16,-0,17,0,22)
18:25:04.969	L(-0,16,-0,27,0,25)	R(0,23,-0,17,0,08)
18:25:05.984	L(-0,20,-0,26,0,24)	R(0,25,-0,16,0,09)
18:25:07.015	L(-0,18,-0,27,0,23)	R(0,34,-0,15,0,01)
18:25:08.024	L(-0,18,-0,27,0,23)	R(0,46,-0,15,0,08)
18:25:09.066	L(-0,18,-0,27,0,23)	R(0,58,-0,16,0,14)
18:25:10.066	L(-0,19,-0,26,0,21)	R(0,30,-0,18,0,11)
18:25:11.074	L(-0,22,-0,24,0,20)	R(0,19,-0,20,0,17)
18:25:12.078	L(-0,21,-0,26,0,20)	R(0,16,-0,17,0,18)
18:25:13.117	L(-0,21,-0,25,0,20)	R(0,20,-0,17,0,17)
18:25:14.133	L(-0,20,-0,26,0,21)	R(0,45,-0,17,0,08)
18:25:15.192	L(-0,20,-0,27,0,21)	R(0,55,-0,17,0,11)
18:25:16.201	L(-0,21,-0,26,0,21)	R(0,28,-0,21,0,12)
18:25:17.256	L(-0,19,-0,26,0,22)	R(0,09,-0,17,0,24)
18:25:18.288	L(-0,18,-0,26,0,24)	R(0,04,-0,22,0,24)
18:25:19.308	L(-0,21,-0,36,0,08)	R(0,01,-0,33,0,12)
18:25:20.311	L(-0,20,-0,35,0,07)	R(0,01,-0,30,0,11)
18:25:21.376	L(-0,18,-0,34,0,08)	R(0,03,-0,29,0,11)
18:25:22.435	L(-0,10,-0,24,0,10)	R(0,03,-0,27,0,09)
18:25:23.500	L(-0,08,-0,26,0,09)	R(0,04,-0,26,0,09)
18:25:24.529	L(-0,07,-0,26,0,09)	R(0,05,-0,27,0,10)
18:25:25.562	L(-0,19,-0,31,0,05)	R(0,06,-0,25,0,13)
18:25:26.569	L(-0,19,-0,32,0,05)	R(0,06,-0,28,0,11)
18:25:27.611	L(-0,19,-0,32,0,05)	R(0,06,-0,28,0,11)
18:25:28.710	L(-0,19,-0,32,0,05)	R(0,06,-0,28,0,11)
18:25:29.711	L(-0,19,-0,32,0,05)	R(0,06,-0,28,0,11)
18:25:30.711	L(-0,19,-0,32,0,05)	R(0,06,-0,28,0,11)
18:25:31.811	L(-0,19,-0,32,0,05)	R(0,06,-0,28,0,11)
18:25:32.812	L(-0,19,-0,32,0,05)	R(0,06,-0,28,0,11)
18:25:33.910	L(-0,19,-0,32,0,05)	R(0,06,-0,28,0,11)
18:25:34.910	L(-0,19,-0,32,0,05)	R(0,06,-0,28,0,11)
18:25:35.911	L(-0,19,-0,32,0,05)	R(0,06,-0,28,0,11)
18:25:36.911	L(-0,19,-0,32,0,05)	R(0,06,-0,28,0,11)
18:25:38.011	L(-0,19,-0,32,0,05)	R(0,06,-0,28,0,11)
18:25:39.011	L(-0,19,-0,32,0,05)	R(0,06,-0,28,0,11)
18:25:40.110	L(-0,19,-0,32,0,05)	R(0,06,-0,28,0,11)
18:25:41.111	L(-0,19,-0,32,0,05)	R(0,06,-0,28,0,11)
18:25:42.211	L(-0,19,-0,32,0,05)	R(0,06,-0,28,0,11)
18:25:43.213	L(-0,19,-0,32,0,05)	R(0,06,-0,28,0,11)
18:25:44.310	L(-0,19,-0,32,0,05)	R(0,06,-0,28,0,11)
18:25:45.310	L(-0,19,-0,32,0,05)	R(0,06,-0,28,0,11)
18:25:46.310	L(-0,19,-0,32,0,05)	R(0,06,-0,28,0,11)
18:25:47.411	L(-0,19,-0,32,0,05)	R(0,06,-0,28,0,11)
18:25:48.511	L(-0,19,-0,32,0,05)	R(0,06,-0,28,0,11)
18:25:49.610	L(-0,19,-0,32,0,05)	R(0,06,-0,28,0,11)
18:25:50.711	L(-0,19,-0,32,0,05)	R(0,06,-0,28,0,11)
18:25:51.811	L(-0,19,-0,32,0,05)	R(0,06,-0,28,0,11)
18:25:52.910	L(-0,19,-0,32,0,05)	R(0,06,-0,28,0,11)
18:25:53.978	L(-0,19,-0,32,0,05)	R(0,06,-0,28,0,11)
18:25:54.979	L(-0,19,-0,32,0,05)	R(0,06,-0,28,0,11)
18:25:56.078	L(-0,24,-0,31,0,02)	R(0,03,-0,29,0,11)
18:25:57.087	L(-0,24,-0,32,0,04)	R(0,05,-0,30,0,12)
18:25:58.130	L(0,0,00,0,00)	R(0,0,00,0,00)
18:25:59.130	L(0,0,00,0,00)	R(0,0,00,0,00)
18:26:00.230	L(0,0,00,0,00)	R(0,0,00,0,00)
18:26:01.294	L(0,0,00,0,00)	R(0,0,00,0,00)
18:26:02.332	L(0,0,00,0,00)	R(0,0,00,0,00)
18:26:03.372	L(0,0,00,0,00)	R(0,0,00,0,00)
18:26:04.439	L(0,0,00,0,00)	R(0,0,00,0,00)
18:26:05.483	L(-0,04,-0,30,0,53)	R(0,06,-0,33,0,06)
18:26:06.533	L(-0,04,-0,30,0,53)	R(0,07,-0,33,0,07)
18:26:07.562	L(0,0,00,0,00)	R(0,0,00,0,00)
18:26:08.645	L(0,0,00,0,00)	R(0,0,00,0,00)
18:26:09.745	L(0,0,00,0,00)	R(0,0,00,0,00)
18:26:10.844	L(0,0,00,0,00)	R(0,0,00,0,00)
18:26:11.843	L(0,0,00,0,00)	R(0,0,00,0,00)
18:26:12.942	L(0,0,00,0,00)	R(0,0,00,0,00)
18:26:13.943	L(0,0,00,0,00)	R(0,0,00,0,00)
18:26:15.058	L(0,0,00,0,00)	R(0,0,00,0,00)
18:26:16.099	L(-0,05,-0,37,0,55)	R(0,11,-0,29,0,09)
18:26:17.187	L(-0,05,-0,37,0,55)	R(0,11,-0,29,0,09)
18:26:18.286	L(-0,05,-0,37,0,55)	R(0,11,-0,29,0,09)
18:26:19.286	L(-0,05,-0,37,0,55)	R(0,11,-0,29,0,09)
18:26:20.386	L(-0,05,-0,37,0,55)	R(0,11,-0,29,0,09)
18:26:21.488	L(-0,05,-0,37,0,55)	R(0,11,-0,29,0,09)
18:26:22.489	L(-0,05,-0,37,0,55)	R(0,11,-0,29,0,09)
18:26:23.587	L(-0,05,-0,37,0,55)	R(0,11,-0,29,0,09)
18:26:24.693	L(-0,05,-0,37,0,55)	R(0,11,-0,29,0,09)
18:26:25.789	L(-0,05,-0,37,0,55)	R(0,11,-0,29,0,09)
18:26:26.890	L(-0,05,-0,37,0,55)	R(0,11,-0,29,0,09)
18:26:27.987	L(-0,05,-0,37,0,55)	R(0,11,-0,29,0,09)
18:26:29.089	L(-0,05,-0,37,0,55)	R(0,11,-0,29,0,09)
18:26:30.186	L(-0,05,-0,37,0,55)	R(0,11,-0,29,0,09)
18:26:31.188	L(-0,05,-0,37,0,55)	R(0,11,-0,29,0,09)
18:26:32.187	L(-0,05,-0,37,0,55)	R(0,11,-0,29,0,09)
18:26:33.187	L(-0,05,-0,37,0,55)	R(0,11,-0,29,0,09)
18:26:34.187	L(-0,05,-0,37,0,55)	R(0,11,-0,29,0,09)
18:26:35.290	L(-0,05,-0,37,0,55)	R(0,11,-0,29,0,09)
18:26:36.387	L(-0,05,-0,37,0,55)	R(0,11,-0,29,0,09)
18:26:37.487	L(-0,05,-0,37,0,55)	R(0,11,-0,29,0,09)
18:26:38.587	L(-0,05,-0,37,0,55)	R(0,11,-0,29,0,09)
18:26:39.777	L(0,00,0,00,0,00)	R(0,00,0,00,0,00)
18:26:40.837	L(-0,05,-0,37,0,55)	R(0,15,-0,24,0,07)
18:26:41.860	L(-0,05,-0,37,0,55)	R(0,14,-0,24,0,07)
18:26:42.921	L(-0,05,-0,37,0,55)	R(0,14,-0,24,0,07)
18:26:43.921	L(-0,05,-0,37,0,55)	R(0,14,-0,24,0,07)
18:26:44.922	L(-0,05,-0,37,0,55)	R(0,14,-0,24,0,07)
18:26:45.922	L(-0,05,-0,37,0,55)	R(0,14,-0,24,0,07)
18:26:47.021	L(-0,05,-0,37,0,55)	R(0,14,-0,24,0,07)
18:26:48.023	L(-0,05,-0,37,0,55)	R(0,14,-0,24,0,07)
18:26:49.124	L(-0,05,-0,37,0,55)	R(0,14,-0,24,0,07)
18:26:50.221	L(-0,05,-0,37,0,55)	R(0,14,-0,24,0,07)
