17:58:17.382	L(0,00,0,00,0,00)	R(0,17,-0,33,0,11)
17:58:18.337	L(0,00,0,00,0,00)	R(0,15,-0,27,0,16)
17:58:19.368	L(0,00,0,00,0,00)	R(0,21,-0,25,0,15)
17:58:20.382	L(0,00,0,00,0,00)	R(0,10,-0,21,0,20)
17:58:30.444	L(0,00,0,00,0,00)	R(0,12,-0,35,0,07)
17:58:31.494	L(0,00,0,00,0,00)	R(0,20,-0,20,0,12)
17:58:32.543	L(0,00,0,00,0,00)	R(0,26,-0,15,0,23)
17:58:33.593	L(0,00,0,00,0,00)	R(0,08,-0,13,0,26)
17:58:34.614	L(0,00,0,00,0,00)	R(0,10,-0,16,0,23)
17:58:35.634	L(0,00,0,00,0,00)	R(0,29,-0,35,0,12)
17:58:36.669	L(0,00,0,00,0,00)	R(0,30,-0,47,0,09)
17:58:37.681	L(0,00,0,00,0,00)	R(0,25,-0,50,0,09)
17:58:38.691	L(0,00,0,00,0,00)	R(-0,04,-0,17,0,10)
17:58:39.704	L(0,00,0,00,0,00)	R(-0,08,-0,10,0,23)
17:58:40.717	L(0,00,0,00,0,00)	R(-0,10,-0,13,0,27)
17:58:41.725	L(0,00,0,00,0,00)	R(-0,10,-0,17,0,30)
17:58:42.745	L(0,00,0,00,0,00)	R(-0,09,-0,11,0,31)
17:58:43.769	L(0,00,0,00,0,00)	R(-0,09,-0,09,0,32)
17:58:44.805	L(0,00,0,00,0,00)	R(-0,04,-0,08,0,29)
17:58:45.811	L(0,00,0,00,0,00)	R(-0,04,-0,06,0,29)
17:58:46.906	L(0,00,0,00,0,00)	R(-0,07,-0,16,0,28)
17:58:47.940	L(0,00,0,00,0,00)	R(-0,07,-0,18,0,32)
17:58:48.967	L(0,00,0,00,0,00)	R(-0,06,-0,19,0,31)
17:58:50.009	L(0,00,0,00,0,00)	R(-0,05,-0,17,0,26)
17:58:51.039	L(0,00,0,00,0,00)	R(-0,17,-0,15,0,37)
17:58:52.068	L(0,00,0,00,0,00)	R(-0,17,-0,15,0,42)
17:58:53.106	L(0,00,0,00,0,00)	R(-0,16,-0,15,0,39)
17:58:54.144	L(0,00,0,00,0,00)	R(-0,19,-0,15,0,48)
17:58:55.172	L(0,00,0,00,0,00)	R(-0,06,-0,05,0,32)
17:58:56.178	L(0,00,0,00,0,00)	R(-0,07,-0,09,0,27)
17:58:57.240	L(0,00,0,00,0,00)	R(-0,06,-0,12,0,25)
17:58:58.250	L(0,00,0,00,0,00)	R(-0,06,-0,19,0,30)
17:58:59.267	L(0,00,0,00,0,00)	R(-0,06,-0,20,0,29)
17:59:00.279	L(0,00,0,00,0,00)	R(-0,20,-0,11,0,41)
17:59:01.292	L(0,00,0,00,0,00)	R(-0,15,-0,09,0,37)
17:59:02.301	L(0,00,0,00,0,00)	R(-0,05,-0,19,0,26)
17:59:03.319	L(0,00,0,00,0,00)	R(-0,06,-0,19,0,28)
17:59:04.335	L(0,00,0,00,0,00)	R(-0,15,-0,10,0,47)
17:59:05.351	L(0,00,0,00,0,00)	R(-0,09,-0,06,0,38)
17:59:06.367	L(0,00,0,00,0,00)	R(-0,26,-0,19,0,29)
17:59:07.369	L(0,00,0,00,0,00)	R(-0,17,-0,17,0,43)
17:59:08.374	L(0,00,0,00,0,00)	R(-0,07,-0,10,0,24)
17:59:09.389	L(0,00,0,00,0,00)	R(-0,06,-0,19,0,25)
17:59:10.401	L(0,00,0,00,0,00)	R(-0,06,-0,20,0,25)
17:59:11.416	L(0,00,0,00,0,00)	R(-0,05,-0,19,0,25)
17:59:12.437	L(0,00,0,00,0,00)	R(-0,06,-0,20,0,25)
17:59:13.444	L(0,00,0,00,0,00)	R(0,14,-0,12,0,07)
17:59:14.452	L(0,00,0,00,0,00)	R(0,29,-0,08,0,06)
17:59:15.494	L(0,00,0,00,0,00)	R(0,45,-0,08,0,06)
17:59:16.552	L(0,00,0,00,0,00)	R(0,47,-0,09,0,00)
17:59:17.594	L(0,00,0,00,0,00)	R(0,43,-0,09,0,03)
17:59:18.631	L(0,00,0,00,0,00)	R(0,11,-0,14,0,03)
17:59:19.694	L(0,00,0,00,0,00)	R(-0,18,-0,06,0,38)
17:59:20.695	L(0,00,0,00,0,00)	R(-0,12,-0,06,0,44)
17:59:21.698	L(0,00,0,00,0,00)	R(-0,12,-0,14,0,43)
17:59:22.711	L(0,00,0,00,0,00)	R(0,05,-0,11,0,26)
17:59:23.752	L(0,00,0,00,0,00)	R(0,05,-0,10,0,29)
17:59:24.763	L(0,00,0,00,0,00)	R(0,03,-0,16,0,34)
17:59:25.780	L(0,00,0,00,0,00)	R(0,03,-0,15,0,34)
17:59:26.790	L(0,00,0,00,0,00)	R(-0,09,-0,14,0,52)
17:59:27.818	L(0,00,0,00,0,00)	R(-0,10,-0,18,0,46)
17:59:28.826	L(0,00,0,00,0,00)	R(0,05,-0,14,0,28)
17:59:29.840	L(0,00,0,00,0,00)	R(0,02,-0,17,0,31)
17:59:30.851	L(0,00,0,00,0,00)	R(0,02,-0,17,0,31)
17:59:31.872	L(0,00,0,00,0,00)	R(-0,10,-0,08,0,39)
17:59:32.888	L(0,00,0,00,0,00)	R(-0,09,-0,07,0,40)
17:59:33.900	L(0,00,0,00,0,00)	R(0,03,-0,16,0,27)
17:59:34.916	L(0,00,0,00,0,00)	R(0,02,-0,18,0,29)
17:59:35.933	L(0,00,0,00,0,00)	R(0,02,-0,18,0,29)
17:59:36.951	L(0,00,0,00,0,00)	R(-0,15,-0,12,0,45)
17:59:37.968	L(0,00,0,00,0,00)	R(-0,07,-0,09,0,33)
17:59:38.991	L(0,00,0,00,0,00)	R(0,02,-0,17,0,25)
17:59:40.009	L(0,00,0,00,0,00)	R(0,01,-0,18,0,26)
17:59:41.025	L(0,00,0,00,0,00)	R(-0,14,-0,14,0,45)
17:59:42.036	L(0,00,0,00,0,00)	R(-0,01,0,00,0,35)
17:59:43.094	L(0,00,0,00,0,00)	R(0,02,-0,16,0,29)
17:59:44.121	L(0,00,0,00,0,00)	R(0,01,-0,18,0,31)
17:59:45.154	L(0,00,0,00,0,00)	R(0,01,-0,19,0,31)
17:59:46.178	L(0,00,0,00,0,00)	R(-0,15,-0,09,0,39)
17:59:47.196	L(0,00,0,00,0,00)	R(-0,08,-0,06,0,36)
17:59:48.205	L(0,00,0,00,0,00)	R(0,02,-0,18,0,28)
17:59:49.228	L(0,00,0,00,0,00)	R(0,01,-0,19,0,30)
17:59:50.255	L(0,00,0,00,0,00)	R(-0,11,-0,08,0,35)
17:59:51.281	L(0,00,0,00,0,00)	R(-0,13,-0,08,0,43)
17:59:52.293	L(0,00,0,00,0,00)	R(0,00,-0,18,0,27)
17:59:53.309	L(0,00,0,00,0,00)	R(0,00,-0,19,0,28)
17:59:54.324	L(0,00,0,00,0,00)	R(0,05,-0,14,0,24)
17:59:55.352	L(0,00,0,00,0,00)	R(0,15,-0,21,0,05)
17:59:56.402	L(0,00,0,00,0,00)	R(0,14,-0,21,0,05)
17:59:57.413	L(0,00,0,00,0,00)	R(0,13,-0,36,0,22)
17:59:58.480	L(0,00,0,00,0,00)	R(0,03,-0,46,0,05)
17:59:59.510	L(0,00,0,00,0,00)	R(0,07,-0,78,0,19)
18:00:00.515	L(0,00,0,00,0,00)	R(0,07,-0,78,0,22)
18:00:01.542	L(0,00,0,00,0,00)	R(0,07,-0,82,0,22)
18:00:02.627	L(0,00,0,00,0,00)	R(0,02,-0,37,0,13)
18:00:03.656	L(0,00,0,00,0,00)	R(0,15,-0,27,0,04)
18:00:04.690	L(0,00,0,00,0,00)	R(0,11,0,04,0,26)
18:00:05.759	L(0,00,0,00,0,00)	R(-0,07,-0,07,0,48)
18:00:06.819	L(0,00,0,00,0,00)	R(-0,07,-0,04,0,44)
18:00:07.835	L(0,00,0,00,0,00)	R(-0,09,-0,07,0,48)
18:00:08.849	L(0,00,0,00,0,00)	R(-0,13,-0,10,0,50)
18:00:09.865	L(0,00,0,00,0,00)	R(0,07,-0,06,0,20)
18:00:10.870	L(0,00,0,00,0,00)	R(0,15,-0,17,0,11)
18:00:11.924	L(0,00,0,00,0,00)	R(0,16,-0,22,0,09)
18:00:12.947	L(0,00,0,00,0,00)	R(0,15,-0,25,0,10)
18:00:13.993	L(0,00,0,00,0,00)	R(0,15,-0,26,0,09)
18:00:15.041	L(0,00,0,00,0,00)	R(0,14,-0,29,0,09)
18:00:16.095	L(0,00,0,00,0,00)	R(0,14,-0,29,0,09)
18:00:17.145	L(0,00,0,00,0,00)	R(0,14,-0,28,0,09)
18:00:18.149	L(0,00,0,00,0,00)	R(0,13,-0,30,0,08)
18:00:19.180	L(0,00,0,00,0,00)	R(0,11,-0,17,0,10)
18:00:20.184	L(0,00,0,00,0,00)	R(0,11,-0,29,0,06)
18:00:21.212	L(0,00,0,00,0,00)	R(0,12,-0,30,0,06)
18:00:22.250	L(0,00,0,00,0,00)	R(0,05,-0,44,0,11)
18:00:23.277	L(0,00,0,00,0,00)	R(-0,10,-0,06,0,32)
18:00:24.304	L(0,00,0,00,0,00)	R(-0,11,-0,19,0,48)
18:00:25.338	L(0,00,0,00,0,00)	R(0,08,-0,10,0,29)
18:00:26.364	L(0,00,0,00,0,00)	R(0,04,-0,18,0,23)
18:00:27.372	L(0,00,0,00,0,00)	R(0,02,-0,21,0,26)
18:00:28.398	L(0,00,0,00,0,00)	R(0,04,-0,20,0,26)
18:00:29.421	L(0,00,0,00,0,00)	R(0,02,-0,20,0,25)
18:00:30.433	L(0,00,0,00,0,00)	R(0,05,-0,16,0,23)
18:00:31.442	L(0,00,0,00,0,00)	R(-0,09,-0,10,0,45)
18:00:32.498	L(0,00,0,00,0,00)	R(-0,10,-0,12,0,51)
18:00:33.516	L(0,00,0,00,0,00)	R(-0,11,-0,19,0,48)
18:00:34.524	L(0,00,0,00,0,00)	R(0,10,-0,10,0,36)
18:00:35.541	L(0,00,0,00,0,00)	R(0,09,-0,16,0,35)
18:00:36.559	L(0,00,0,00,0,00)	R(0,08,-0,17,0,35)
18:00:37.572	L(0,00,0,00,0,00)	R(0,08,-0,16,0,34)
18:00:38.590	L(0,00,0,00,0,00)	R(0,08,-0,17,0,34)
18:00:39.601	L(0,00,0,00,0,00)	R(-0,12,-0,16,0,44)
18:00:40.624	L(0,00,0,00,0,00)	R(0,09,-0,10,0,29)
18:00:41.638	L(0,00,0,00,0,00)	R(0,08,-0,17,0,32)
18:00:42.662	L(0,00,0,00,0,00)	R(0,08,-0,17,0,31)
18:00:43.676	L(0,00,0,00,0,00)	R(0,07,-0,18,0,32)
18:00:44.696	L(0,00,0,00,0,00)	R(-0,07,-0,05,0,39)
18:00:45.757	L(0,00,0,00,0,00)	R(-0,13,-0,15,0,50)
18:00:46.777	L(0,00,0,00,0,00)	R(-0,09,-0,16,0,45)
18:00:47.821	L(0,00,0,00,0,00)	R(-0,04,-0,03,0,37)
18:00:48.879	L(0,00,0,00,0,00)	R(0,10,-0,13,0,29)
18:00:49.882	L(0,00,0,00,0,00)	R(0,08,-0,18,0,30)
18:00:50.891	L(0,00,0,00,0,00)	R(0,06,-0,14,0,29)
18:00:51.905	L(0,00,0,00,0,00)	R(-0,12,-0,21,0,46)
18:00:52.921	L(0,00,0,00,0,00)	R(0,08,-0,18,0,25)
18:00:53.931	L(0,00,0,00,0,00)	R(0,07,-0,19,0,26)
18:00:54.945	L(0,00,0,00,0,00)	R(0,07,-0,19,0,27)
18:00:55.958	L(0,00,0,00,0,00)	R(-0,15,-0,11,0,48)
18:00:56.977	L(0,00,0,00,0,00)	R(0,09,-0,12,0,33)
18:00:57.989	L(0,00,0,00,0,00)	R(0,12,-0,13,0,30)
18:00:59.067	L(0,00,0,00,0,00)	R(0,09,-0,15,0,29)
18:01:00.124	L(0,00,0,00,0,00)	R(0,07,-0,19,0,32)
18:01:01.150	L(0,00,0,00,0,00)	R(0,07,-0,20,0,32)
18:01:02.181	L(0,00,0,00,0,00)	R(-0,12,-0,15,0,48)
18:01:03.205	L(0,00,0,00,0,00)	R(0,07,-0,10,0,30)
18:01:04.239	L(0,00,0,00,0,00)	R(0,08,-0,19,0,30)
18:01:05.256	L(0,00,0,00,0,00)	R(0,09,-0,18,0,30)
18:01:06.276	L(0,00,0,00,0,00)	R(-0,12,-0,18,0,50)
18:01:07.307	L(0,00,0,00,0,00)	R(0,09,-0,16,0,27)
18:01:08.336	L(0,00,0,00,0,00)	R(0,07,-0,20,0,28)
18:01:09.363	L(0,00,0,00,0,00)	R(0,05,-0,14,0,28)
18:01:10.373	L(0,00,0,00,0,00)	R(-0,10,-0,11,0,41)
18:01:11.400	L(0,00,0,00,0,00)	R(0,07,-0,20,0,25)
18:01:12.430	L(0,00,0,00,0,00)	R(0,07,-0,20,0,26)
18:01:13.459	L(0,00,0,00,0,00)	R(-0,12,-0,09,0,39)
18:01:14.495	L(0,00,0,00,0,00)	R(0,12,-0,10,0,36)
18:01:15.518	L(0,00,0,00,0,00)	R(0,11,-0,17,0,33)
18:01:16.536	L(0,00,0,00,0,00)	R(0,10,-0,09,0,34)
18:01:17.555	L(0,00,0,00,0,00)	R(-0,09,-0,12,0,48)
18:01:18.586	L(0,00,0,00,0,00)	R(0,13,-0,15,0,30)
18:01:19.615	L(0,00,0,00,0,00)	R(0,11,-0,18,0,31)
18:01:20.644	L(0,00,0,00,0,00)	R(-0,12,-0,14,0,47)
18:01:21.667	L(0,00,0,00,0,00)	R(0,12,-0,13,0,29)
18:01:22.690	L(0,00,0,00,0,00)	R(0,12,-0,18,0,29)
18:01:23.718	L(0,00,0,00,0,00)	R(0,11,-0,16,0,29)
18:01:24.741	L(0,00,0,00,0,00)	R(-0,11,-0,14,0,54)
18:01:25.773	L(0,00,0,00,0,00)	R(-0,12,-0,20,0,48)
18:01:26.803	L(0,00,0,00,0,00)	R(0,13,-0,15,0,26)
18:01:27.829	L(0,00,0,00,0,00)	R(0,11,-0,18,0,27)
18:01:28.854	L(0,00,0,00,0,00)	R(0,01,-0,08,0,29)
18:01:29.882	L(0,00,0,00,0,00)	R(-0,13,-0,18,0,48)
18:01:30.911	L(0,00,0,00,0,00)	R(0,15,-0,14,0,30)
18:01:31.946	L(0,00,0,00,0,00)	R(0,12,-0,19,0,32)
18:01:32.991	L(0,00,0,00,0,00)	R(0,11,-0,19,0,31)
18:01:34.012	L(0,00,0,00,0,00)	R(-0,15,-0,18,0,49)
18:01:35.036	L(0,00,0,00,0,00)	R(0,13,-0,16,0,27)
18:01:36.059	L(0,00,0,00,0,00)	R(0,11,-0,20,0,31)
18:01:37.090	L(0,00,0,00,0,00)	R(0,11,-0,10,0,29)
18:01:38.121	L(0,00,0,00,0,00)	R(-0,14,-0,18,0,49)
18:01:39.155	L(0,00,0,00,0,00)	R(0,11,-0,19,0,27)
18:01:40.179	L(0,00,0,00,0,00)	R(0,11,-0,20,0,28)
18:01:41.209	L(0,00,0,00,0,00)	R(0,06,-0,08,0,27)
18:01:42.262	L(0,00,0,00,0,00)	R(-0,06,-0,07,0,39)
18:01:43.296	L(0,00,0,00,0,00)	R(0,12,-0,20,0,26)
18:01:44.335	L(0,00,0,00,0,00)	R(0,11,-0,20,0,25)
18:01:45.370	L(0,00,0,00,0,00)	R(-0,16,-0,19,0,49)
18:01:46.418	L(0,00,0,00,0,00)	R(0,16,-0,17,0,33)
18:01:47.474	L(0,00,0,00,0,00)	R(0,15,-0,17,0,33)
18:01:48.518	L(0,00,0,00,0,00)	R(-0,08,-0,12,0,44)
18:01:49.553	L(0,00,0,00,0,00)	R(0,15,-0,17,0,30)
18:01:50.582	L(0,00,0,00,0,00)	R(0,15,-0,19,0,31)
18:01:51.612	L(0,00,0,00,0,00)	R(-0,05,-0,09,0,40)
18:01:52.653	L(0,00,0,00,0,00)	R(0,11,-0,11,0,30)
18:01:53.695	L(0,00,0,00,0,00)	R(0,15,-0,18,0,29)
18:01:54.722	L(0,00,0,00,0,00)	R(-0,01,-0,07,0,36)
18:01:55.766	L(0,00,0,00,0,00)	R(0,07,-0,11,0,29)
18:01:56.790	L(0,00,0,00,0,00)	R(0,16,-0,17,0,26)
18:01:57.819	L(0,00,0,00,0,00)	R(0,14,-0,17,0,27)
18:01:58.876	L(0,00,0,00,0,00)	R(-0,11,-0,15,0,46)
18:01:59.917	L(0,00,0,00,0,00)	R(0,17,-0,17,0,31)
18:02:00.964	L(0,00,0,00,0,00)	R(0,15,-0,20,0,32)
18:02:02.013	L(0,00,0,00,0,00)	R(0,07,-0,10,0,28)
18:02:03.055	L(0,00,0,00,0,00)	R(-0,14,-0,15,0,48)
18:02:04.114	L(0,00,0,00,0,00)	R(0,15,-0,18,0,30)
18:02:05.153	L(0,00,0,00,0,00)	R(0,15,-0,19,0,30)
18:02:06.191	L(0,00,0,00,0,00)	R(-0,14,-0,13,0,42)
18:02:07.238	L(0,00,0,00,0,00)	R(0,17,-0,14,0,27)
18:02:08.289	L(0,00,0,00,0,00)	R(0,16,-0,20,0,28)
18:02:09.322	L(0,00,0,00,0,00)	R(0,15,-0,20,0,28)
18:02:10.362	L(0,00,0,00,0,00)	R(-0,15,-0,18,0,47)
18:02:11.428	L(0,00,0,00,0,00)	R(0,17,-0,18,0,26)
18:02:12.457	L(0,00,0,00,0,00)	R(0,16,-0,20,0,26)
18:02:13.495	L(0,00,0,00,0,00)	R(-0,08,-0,13,0,45)
18:02:14.549	L(0,00,0,00,0,00)	R(0,22,-0,11,0,36)
18:02:15.588	L(0,00,0,00,0,00)	R(0,20,-0,17,0,33)
18:02:16.640	L(0,00,0,00,0,00)	R(0,07,-0,06,0,39)
18:02:17.704	L(0,00,0,00,0,00)	R(0,12,-0,10,0,37)
18:02:18.750	L(0,00,0,00,0,00)	R(0,20,-0,17,0,30)
18:02:19.797	L(0,00,0,00,0,00)	R(0,15,-0,09,0,32)
18:02:20.856	L(0,00,0,00,0,00)	R(0,06,-0,09,0,43)
18:02:21.864	L(0,00,0,00,0,00)	R(0,21,-0,16,0,33)
18:02:22.867	L(0,00,0,00,0,00)	R(0,20,-0,16,0,32)
18:02:23.925	L(0,00,0,00,0,00)	R(-0,09,-0,17,0,52)
18:02:24.971	L(0,00,0,00,0,00)	R(0,20,-0,13,0,25)
18:02:26.018	L(0,00,0,00,0,00)	R(0,19,-0,18,0,26)
18:02:27.021	L(0,00,0,00,0,00)	R(0,26,-0,13,0,21)
18:02:28.021	L(0,00,0,00,0,00)	R(0,16,0,01,0,15)
18:02:29.024	L(0,00,0,00,0,00)	R(0,11,-0,08,0,15)
18:02:30.048	L(0,00,0,00,0,00)	R(0,33,-0,11,0,06)
18:02:31.054	L(0,00,0,00,0,00)	R(0,53,-0,17,0,04)
18:02:32.062	L(0,00,0,00,0,00)	R(0,58,-0,20,0,05)
18:02:33.068	L(0,00,0,00,0,00)	R(0,63,-0,19,0,07)
18:02:34.092	L(0,00,0,00,0,00)	R(0,57,-0,19,0,06)
18:02:35.102	L(0,00,0,00,0,00)	R(0,61,-0,19,0,06)
18:02:36.117	L(0,00,0,00,0,00)	R(0,61,-0,21,0,06)
18:02:37.140	L(0,00,0,00,0,00)	R(0,60,-0,21,0,06)
18:02:38.149	L(0,00,0,00,0,00)	R(0,65,-0,20,0,07)
18:02:39.210	L(0,00,0,00,0,00)	R(0,60,-0,20,0,08)
18:02:40.230	L(0,00,0,00,0,00)	R(0,58,-0,20,0,09)
18:02:41.246	L(0,00,0,00,0,00)	R(0,46,-0,21,0,11)
18:02:42.249	L(0,00,0,00,0,00)	R(0,25,-0,19,0,12)
18:02:43.253	L(0,00,0,00,0,00)	R(0,15,-0,25,0,12)
18:02:44.255	L(0,00,0,00,0,00)	R(0,14,-0,26,0,11)
18:02:45.314	L(0,00,0,00,0,00)	R(0,00,-0,24,0,13)
18:02:46.354	L(0,00,0,00,0,00)	R(-0,23,-0,20,0,34)
18:02:47.403	L(0,00,0,00,0,00)	R(-0,02,-0,11,0,24)
18:02:48.405	L(0,00,0,00,0,00)	R(0,06,-0,16,0,24)
18:02:49.453	L(0,00,0,00,0,00)	R(0,05,-0,18,0,25)
18:02:50.502	L(0,00,0,00,0,00)	R(0,07,-0,17,0,22)
18:02:51.509	L(0,00,0,00,0,00)	R(0,09,-0,16,0,18)
18:02:52.513	L(0,00,0,00,0,00)	R(0,12,-0,14,0,17)
18:02:53.525	L(0,00,0,00,0,00)	R(0,12,-0,14,0,16)
18:02:54.554	L(0,00,0,00,0,00)	R(0,11,-0,15,0,16)
18:02:55.606	L(0,00,0,00,0,00)	R(0,11,-0,15,0,16)
18:02:56.663	L(0,00,0,00,0,00)	R(0,11,-0,15,0,15)
18:02:57.724	L(0,00,0,00,0,00)	R(0,12,-0,14,0,15)
18:02:58.779	L(0,00,0,00,0,00)	R(0,26,-0,20,0,32)
18:02:59.835	L(0,00,0,00,0,00)	R(0,05,-0,11,0,23)
18:03:00.882	L(0,00,0,00,0,00)	R(0,22,-0,14,0,20)
18:03:01.934	L(0,00,0,00,0,00)	R(0,14,-0,11,0,20)
18:03:02.985	L(0,00,0,00,0,00)	R(-0,02,-0,14,0,23)
18:03:04.009	L(0,00,0,00,0,00)	R(0,04,-0,12,0,20)
18:03:05.060	L(0,00,0,00,0,00)	R(0,06,-0,11,0,19)
18:03:06.087	L(0,00,0,00,0,00)	R(0,04,-0,13,0,19)
18:03:07.152	L(0,00,0,00,0,00)	R(-0,03,-0,17,0,26)
18:03:08.212	L(0,00,0,00,0,00)	R(-0,03,-0,18,0,25)
18:03:09.215	L(0,00,0,00,0,00)	R(0,06,-0,17,0,21)
18:03:10.222	L(0,00,0,00,0,00)	R(0,25,-0,15,0,31)
18:03:11.243	L(0,00,0,00,0,00)	R(0,26,-0,13,0,39)
18:03:12.301	L(0,00,0,00,0,00)	R(0,20,-0,17,0,30)
18:03:13.306	L(0,00,0,00,0,00)	R(0,10,-0,17,0,23)
18:03:14.319	L(0,00,0,00,0,00)	R(0,06,-0,15,0,21)
18:03:15.345	L(0,00,0,00,0,00)	R(0,03,-0,16,0,20)
18:03:16.354	L(0,00,0,00,0,00)	R(0,04,-0,16,0,19)
18:03:17.401	L(0,00,0,00,0,00)	R(0,04,-0,16,0,19)
18:03:18.405	L(0,00,0,00,0,00)	R(0,04,-0,16,0,19)
18:03:19.451	L(0,00,0,00,0,00)	R(0,05,-0,15,0,18)
18:03:20.508	L(0,00,0,00,0,00)	R(0,00,-0,16,0,23)
18:03:21.512	L(0,00,0,00,0,00)	R(0,03,-0,15,0,22)
18:03:22.544	L(0,00,0,00,0,00)	R(0,05,-0,15,0,19)
18:03:23.583	L(0,00,0,00,0,00)	R(0,09,-0,14,0,20)
18:03:24.650	L(0,00,0,00,0,00)	R(0,03,-0,14,0,19)
18:03:25.661	L(0,00,0,00,0,00)	R(-0,04,-0,17,0,24)
18:03:26.662	L(0,00,0,00,0,00)	R(-0,04,-0,19,0,26)
18:03:27.713	L(0,00,0,00,0,00)	R(-0,04,-0,19,0,26)
18:03:28.717	L(0,00,0,00,0,00)	R(-0,03,-0,18,0,24)
18:03:29.784	L(0,00,0,00,0,00)	R(-0,03,-0,19,0,23)
18:03:30.809	L(0,00,0,00,0,00)	R(0,27,-0,18,0,43)
18:03:31.816	L(0,00,0,00,0,00)	R(0,05,-0,18,0,24)
18:03:32.825	L(0,00,0,00,0,00)	R(0,00,-0,19,0,25)
18:03:33.861	L(0,00,0,00,0,00)	R(-0,01,-0,19,0,25)
18:03:34.883	L(0,00,0,00,0,00)	R(-0,01,-0,19,0,25)
18:03:35.947	L(0,00,0,00,0,00)	R(0,10,-0,16,0,26)
18:03:36.968	L(0,00,0,00,0,00)	R(0,20,-0,14,0,30)
18:03:38.019	L(0,00,0,00,0,00)	R(0,04,-0,18,0,25)
18:03:39.068	L(0,00,0,00,0,00)	R(0,04,-0,19,0,26)
18:03:40.095	L(0,00,0,00,0,00)	R(0,29,-0,13,0,38)
18:03:41.105	L(0,00,0,00,0,00)	R(0,15,-0,17,0,26)
18:03:42.165	L(0,00,0,00,0,00)	R(0,08,-0,19,0,25)
18:03:43.172	L(0,00,0,00,0,00)	R(0,20,-0,14,0,31)
18:03:44.188	L(0,00,0,00,0,00)	R(0,19,-0,16,0,28)
18:03:45.247	L(0,00,0,00,0,00)	R(0,12,-0,19,0,25)
18:03:46.306	L(0,00,0,00,0,00)	R(0,12,-0,20,0,21)
18:03:47.308	L(0,00,0,00,0,00)	R(0,08,-0,20,0,14)
18:03:48.344	L(0,00,0,00,0,00)	R(0,10,-0,22,0,14)
18:03:49.397	L(0,00,0,00,0,00)	R(0,06,-0,09,0,42)
18:03:50.412	L(0,00,0,00,0,00)	R(0,06,-0,12,0,49)
18:03:51.475	L(0,00,0,00,0,00)	R(0,15,0,00,0,33)
18:03:52.533	L(0,00,0,00,0,00)	R(0,12,-0,03,0,30)
18:03:53.575	L(0,00,0,00,0,00)	R(0,13,-0,03,0,30)
18:03:54.626	L(0,00,0,00,0,00)	R(0,16,-0,03,0,30)
18:03:55.672	L(0,00,0,00,0,00)	R(0,18,-0,04,0,29)
18:03:56.728	L(0,00,0,00,0,00)	R(0,10,-0,04,0,30)
18:03:57.786	L(0,00,0,00,0,00)	R(0,03,-0,09,0,32)
18:03:58.852	L(0,00,0,00,0,00)	R(0,02,-0,10,0,32)
18:03:59.897	L(0,00,0,00,0,00)	R(0,03,-0,10,0,32)
18:04:00.955	L(0,00,0,00,0,00)	R(0,05,-0,09,0,31)
18:04:01.956	L(0,00,0,00,0,00)	R(0,04,-0,10,0,32)
18:04:02.967	L(0,00,0,00,0,00)	R(0,04,-0,09,0,29)
18:04:03.969	L(0,00,0,00,0,00)	R(0,05,-0,10,0,28)
18:04:04.968	L(0,00,0,00,0,00)	R(0,03,-0,10,0,28)
18:04:05.969	L(0,00,0,00,0,00)	R(0,02,-0,10,0,28)
18:04:06.973	L(0,00,0,00,0,00)	R(0,03,-0,10,0,26)
18:04:08.038	L(0,00,0,00,0,00)	R(0,04,-0,10,0,26)
18:04:09.083	L(0,00,0,00,0,00)	R(0,05,-0,10,0,26)
18:04:10.131	L(0,00,0,00,0,00)	R(0,05,-0,09,0,30)
18:04:11.148	L(0,00,0,00,0,00)	R(0,06,-0,11,0,32)
18:04:12.153	L(0,00,0,00,0,00)	R(0,06,-0,10,0,30)
18:04:13.158	L(0,00,0,00,0,00)	R(0,06,-0,10,0,28)
18:04:14.164	L(0,00,0,00,0,00)	R(0,07,-0,10,0,27)
18:04:15.169	L(0,00,0,00,0,00)	R(0,09,-0,10,0,25)
18:04:16.226	L(0,00,0,00,0,00)	R(0,08,-0,11,0,27)
18:04:17.289	L(0,00,0,00,0,00)	R(0,08,-0,11,0,28)
18:04:18.303	L(0,00,0,00,0,00)	R(0,08,-0,10,0,30)
18:04:19.309	L(0,00,0,00,0,00)	R(0,08,-0,10,0,31)
18:04:20.314	L(0,00,0,00,0,00)	R(0,09,-0,12,0,31)
18:04:21.337	L(0,00,0,00,0,00)	R(0,09,-0,11,0,27)
18:04:22.344	L(0,00,0,00,0,00)	R(0,10,-0,11,0,26)
18:04:23.353	L(0,00,0,00,0,00)	R(0,11,-0,10,0,25)
18:04:24.364	L(0,00,0,00,0,00)	R(0,11,-0,10,0,26)
18:04:25.428	L(0,00,0,00,0,00)	R(0,10,-0,10,0,28)
18:04:26.428	L(0,00,0,00,0,00)	R(0,11,-0,11,0,30)
18:04:27.483	L(0,00,0,00,0,00)	R(0,11,-0,11,0,31)
18:04:28.546	L(0,00,0,00,0,00)	R(0,12,-0,10,0,30)
18:04:29.613	L(0,00,0,00,0,00)	R(0,12,-0,10,0,27)
18:04:30.647	L(0,00,0,00,0,00)	R(0,12,-0,11,0,26)
18:04:31.654	L(0,00,0,00,0,00)	R(0,13,-0,11,0,24)
18:04:32.718	L(0,00,0,00,0,00)	R(0,14,-0,11,0,24)
18:04:33.749	L(0,00,0,00,0,00)	R(0,14,-0,11,0,26)
18:04:34.768	L(0,00,0,00,0,00)	R(0,12,-0,11,0,29)
18:04:35.823	L(0,00,0,00,0,00)	R(0,13,-0,10,0,29)
18:04:36.839	L(0,00,0,00,0,00)	R(0,13,-0,09,0,27)
18:04:37.842	L(0,00,0,00,0,00)	R(0,13,-0,10,0,29)
18:04:38.871	L(0,00,0,00,0,00)	R(0,14,-0,09,0,30)
18:04:39.887	L(0,00,0,00,0,00)	R(0,15,-0,09,0,29)
18:04:40.910	L(0,00,0,00,0,00)	R(0,15,-0,10,0,27)
18:04:41.947	L(0,00,0,00,0,00)	R(0,16,-0,10,0,25)
18:04:42.967	L(0,00,0,00,0,00)	R(0,16,-0,09,0,23)
18:04:44.023	L(0,00,0,00,0,00)	R(0,17,-0,09,0,25)
18:04:45.034	L(0,00,0,00,0,00)	R(0,16,-0,09,0,27)
18:04:46.036	L(0,00,0,00,0,00)	R(0,16,-0,09,0,28)
18:04:47.040	L(0,00,0,00,0,00)	R(0,20,-0,10,0,27)
18:04:48.057	L(0,00,0,00,0,00)	R(0,25,-0,19,0,33)
18:04:49.059	L(0,00,0,00,0,00)	R(0,13,-0,36,0,19)
18:04:50.065	L(0,00,0,00,0,00)	R(0,11,-0,36,0,19)
18:04:51.073	L(0,00,0,00,0,00)	R(0,09,-0,37,0,19)
18:04:52.131	L(0,00,0,00,0,00)	R(0,11,-0,36,0,20)
18:04:53.155	L(0,00,0,00,0,00)	R(0,15,-0,36,0,20)
18:04:54.234	L(0,00,0,00,0,00)	R(0,14,-0,31,0,19)
18:04:55.239	L(0,00,0,00,0,00)	R(0,14,-0,22,0,18)
18:04:56.280	L(0,00,0,00,0,00)	R(0,14,-0,22,0,24)
18:04:57.345	L(0,00,0,00,0,00)	R(0,14,-0,20,0,30)
18:04:58.405	L(0,00,0,00,0,00)	R(0,12,-0,20,0,32)
18:04:59.448	L(0,00,0,00,0,00)	R(0,13,-0,20,0,30)
18:05:00.508	L(0,00,0,00,0,00)	R(0,07,-0,22,0,23)
18:05:01.515	L(0,00,0,00,0,00)	R(0,07,-0,26,0,21)
18:05:02.562	L(0,00,0,00,0,00)	R(0,08,-0,17,0,26)
18:05:03.603	L(0,00,0,00,0,00)	R(0,08,-0,26,0,22)
18:05:04.659	L(0,00,0,00,0,00)	R(0,12,-0,27,0,16)
18:05:05.679	L(0,00,0,00,0,00)	R(0,31,-0,15,0,08)
18:05:06.680	L(0,00,0,00,0,00)	R(0,48,-0,01,0,11)
18:05:07.732	L(0,00,0,00,0,00)	R(0,55,0,02,0,12)
