18:11:50.637	L(-0,08,-0,37,0,30)	R(0,08,-0,23,0,19)
18:11:51.667	L(-0,08,-0,37,0,30)	R(-0,05,-0,19,0,24)
18:11:52.695	L(-0,08,-0,37,0,30)	R(-0,05,-0,18,0,24)
18:11:53.723	L(-0,08,-0,37,0,30)	R(-0,08,-0,22,0,29)
18:11:54.751	L(-0,08,-0,37,0,30)	R(-0,08,-0,19,0,28)
18:11:55.779	L(-0,08,-0,37,0,30)	R(-0,09,-0,19,0,39)
18:11:56.806	L(-0,08,-0,37,0,30)	R(-0,12,-0,19,0,46)
18:11:57.834	L(-0,08,-0,37,0,30)	R(-0,13,-0,20,0,45)
18:11:58.862	L(-0,08,-0,37,0,30)	R(-0,09,-0,16,0,38)
18:11:59.890	L(-0,08,-0,37,0,30)	R(-0,13,-0,20,0,45)
18:12:00.917	L(-0,08,-0,37,0,30)	R(-0,01,-0,17,0,24)
18:12:01.947	L(-0,08,-0,37,0,30)	R(-0,02,-0,21,0,26)
18:12:02.973	L(-0,08,-0,37,0,30)	R(-0,08,-0,21,0,26)
18:12:04.001	L(-0,08,-0,37,0,30)	R(-0,01,-0,21,0,26)
18:12:05.028	L(-0,08,-0,37,0,30)	R(-0,03,-0,21,0,28)
18:12:06.056	L(-0,08,-0,37,0,30)	R(-0,04,-0,21,0,27)
18:12:07.084	L(-0,08,-0,37,0,30)	R(-0,04,-0,21,0,27)
18:12:08.111	L(-0,08,-0,37,0,30)	R(-0,13,-0,16,0,39)
18:12:09.140	L(-0,08,-0,37,0,30)	R(-0,13,-0,21,0,44)
18:12:10.168	L(-0,08,-0,37,0,30)	R(-0,14,-0,20,0,46)
18:12:11.196	L(-0,08,-0,37,0,30)	R(-0,16,-0,20,0,39)
18:12:12.224	L(-0,08,-0,37,0,30)	R(-0,19,-0,22,0,38)
18:12:13.251	L(-0,08,-0,37,0,30)	R(-0,18,-0,21,0,35)
18:12:14.279	L(-0,08,-0,37,0,30)	R(-0,20,-0,21,0,27)
18:12:15.307	L(-0,08,-0,37,0,30)	R(-0,18,-0,19,0,33)
18:12:16.335	L(-0,08,-0,37,0,30)	R(-0,13,-0,19,0,48)
18:12:17.362	L(-0,08,-0,37,0,30)	R(-0,02,-0,18,0,33)
18:12:18.390	L(-0,08,-0,37,0,30)	R(-0,02,-0,20,0,30)
18:12:19.417	L(-0,08,-0,37,0,30)	R(-0,03,-0,20,0,30)
18:12:20.445	L(-0,08,-0,37,0,30)	R(-0,12,-0,18,0,44)
18:12:21.473	L(-0,08,-0,37,0,30)	R(-0,15,-0,21,0,48)
18:12:22.501	L(-0,08,-0,37,0,30)	R(-0,04,-0,16,0,38)
18:12:23.529	L(-0,08,-0,37,0,30)	R(-0,04,-0,20,0,30)
18:12:24.556	L(-0,08,-0,37,0,30)	R(-0,05,-0,20,0,30)
18:12:25.584	L(-0,08,-0,37,0,30)	R(0,24,-0,21,0,29)
18:12:26.611	L(-0,08,-0,37,0,30)	R(0,49,-0,16,0,05)
18:12:27.612	L(-0,08,-0,37,0,30)	R(0,59,-0,08,0,04)
18:12:28.653	L(-0,08,-0,37,0,30)	R(0,59,-0,07,0,05)
18:12:29.654	L(-0,08,-0,37,0,30)	R(0,58,-0,07,0,06)
18:12:30.653	L(-0,08,-0,37,0,30)	R(0,59,-0,06,0,07)
18:12:31.695	L(-0,08,-0,37,0,30)	R(0,46,-0,10,0,12)
18:12:32.736	L(-0,08,-0,37,0,30)	R(0,61,-0,06,0,09)
18:12:33.737	L(-0,08,-0,37,0,30)	R(0,60,-0,08,0,10)
18:12:34.737	L(-0,08,-0,37,0,30)	R(0,60,-0,05,0,07)
18:12:35.778	L(-0,08,-0,37,0,30)	R(0,63,-0,07,0,10)
18:12:36.802	L(-0,08,-0,37,0,30)	R(0,06,-0,14,0,24)
18:12:37.819	L(-0,08,-0,37,0,30)	R(0,34,-0,12,0,10)
18:12:38.843	L(-0,08,-0,37,0,30)	R(0,05,-0,16,0,19)
18:12:39.890	L(-0,08,-0,37,0,30)	R(-0,11,-0,17,0,46)
18:12:40.917	L(-0,08,-0,37,0,30)	R(-0,13,-0,20,0,47)
18:12:41.945	L(-0,08,-0,37,0,30)	R(0,05,-0,14,0,37)
18:12:42.973	L(-0,08,-0,37,0,30)	R(0,03,-0,17,0,34)
18:12:44.000	L(-0,08,-0,37,0,30)	R(-0,10,-0,18,0,40)
18:12:45.029	L(-0,08,-0,37,0,30)	R(-0,13,-0,21,0,48)
18:12:46.056	L(-0,08,-0,37,0,30)	R(0,04,-0,16,0,32)
18:12:47.084	L(-0,08,-0,37,0,30)	R(0,03,-0,18,0,32)
18:12:48.112	L(-0,08,-0,37,0,30)	R(-0,12,-0,20,0,43)
18:12:49.140	L(-0,08,-0,37,0,30)	R(-0,13,-0,20,0,47)
18:12:50.167	L(-0,08,-0,37,0,30)	R(0,02,-0,15,0,33)
18:12:51.196	L(-0,08,-0,37,0,30)	R(0,02,-0,17,0,29)
18:12:52.237	L(-0,08,-0,37,0,30)	R(-0,13,-0,21,0,45)
18:12:53.265	L(-0,08,-0,37,0,30)	R(0,00,-0,15,0,37)
18:12:54.293	L(-0,08,-0,37,0,30)	R(0,03,-0,18,0,28)
18:12:55.320	L(-0,08,-0,37,0,30)	R(0,03,-0,17,0,28)
18:12:56.348	L(-0,08,-0,37,0,30)	R(0,03,-0,17,0,29)
18:12:57.376	L(-0,08,-0,37,0,30)	R(0,03,-0,17,0,29)
18:12:58.404	L(-0,08,-0,37,0,30)	R(0,02,-0,17,0,29)
18:12:59.432	L(-0,08,-0,37,0,30)	R(0,25,-0,14,0,21)
18:13:00.472	L(-0,08,-0,37,0,30)	R(0,58,-0,08,0,09)
18:13:01.501	L(-0,08,-0,37,0,30)	R(0,11,-0,16,0,14)
18:13:02.529	L(-0,08,-0,37,0,30)	R(0,01,-0,19,0,31)
18:13:03.556	L(-0,08,-0,37,0,30)	R(-0,12,-0,20,0,44)
18:13:04.584	L(-0,08,-0,37,0,30)	R(-0,13,-0,20,0,46)
18:13:05.612	L(-0,08,-0,37,0,30)	R(0,01,-0,19,0,32)
18:13:06.640	L(-0,08,-0,37,0,30)	R(0,02,-0,21,0,32)
18:13:07.667	L(-0,08,-0,37,0,30)	R(0,02,-0,21,0,32)
18:13:08.695	L(-0,08,-0,37,0,30)	R(-0,13,-0,16,0,38)
18:13:09.723	L(-0,08,-0,37,0,30)	R(-0,13,-0,21,0,47)
18:13:10.751	L(-0,08,-0,37,0,30)	R(0,00,-0,21,0,28)
18:13:11.779	L(-0,08,-0,37,0,30)	R(0,01,-0,22,0,30)
18:13:12.804	L(-0,08,-0,37,0,30)	R(-0,08,-0,19,0,31)
18:13:13.834	L(-0,08,-0,37,0,30)	R(-0,18,-0,21,0,48)
18:13:14.862	L(-0,08,-0,37,0,30)	R(-0,03,-0,22,0,31)
18:13:15.891	L(-0,08,-0,37,0,30)	R(0,00,-0,22,0,26)
18:13:16.917	L(-0,08,-0,37,0,30)	R(-0,01,-0,22,0,28)
18:13:17.945	L(-0,08,-0,37,0,30)	R(-0,16,-0,20,0,45)
18:13:18.973	L(-0,08,-0,37,0,30)	R(-0,08,-0,20,0,37)
18:13:20.000	L(-0,08,-0,37,0,30)	R(0,00,-0,21,0,25)
18:13:21.028	L(-0,08,-0,37,0,30)	R(-0,01,-0,21,0,25)
18:13:22.038	L(-0,08,-0,37,0,30)	R(0,39,-0,15,0,08)
18:13:23.042	L(-0,08,-0,37,0,30)	R(0,59,-0,08,0,08)
18:13:24.084	L(-0,08,-0,37,0,30)	R(0,60,-0,07,0,08)
18:13:25.084	L(-0,08,-0,37,0,30)	R(0,58,-0,07,0,08)
18:13:26.130	L(-0,08,-0,37,0,30)	R(0,55,-0,07,0,11)
18:13:27.140	L(-0,08,-0,37,0,30)	R(0,02,-0,17,0,25)
18:13:28.167	L(-0,08,-0,37,0,30)	R(-0,03,-0,17,0,27)
18:13:29.195	L(-0,08,-0,37,0,30)	R(-0,15,-0,20,0,46)
18:13:30.223	L(-0,08,-0,37,0,30)	R(-0,13,-0,22,0,48)
18:13:31.251	L(-0,08,-0,37,0,30)	R(0,07,-0,17,0,34)
18:13:32.278	L(-0,08,-0,37,0,30)	R(0,07,-0,18,0,32)
18:13:33.306	L(-0,08,-0,37,0,30)	R(0,07,-0,18,0,33)
18:13:34.334	L(-0,08,-0,37,0,30)	R(0,07,-0,18,0,33)
18:13:35.361	L(-0,08,-0,37,0,30)	R(-0,06,-0,17,0,39)
18:13:36.390	L(-0,08,-0,37,0,30)	R(-0,13,-0,23,0,49)
18:13:37.417	L(-0,08,-0,37,0,30)	R(0,08,-0,19,0,30)
18:13:38.445	L(-0,08,-0,37,0,30)	R(0,06,-0,19,0,32)
18:13:39.474	L(-0,08,-0,37,0,30)	R(-0,13,-0,22,0,48)
18:13:40.501	L(-0,08,-0,37,0,30)	R(0,07,-0,18,0,28)
18:13:41.529	L(-0,08,-0,37,0,30)	R(-0,11,-0,18,0,42)
18:13:42.557	L(-0,08,-0,37,0,30)	R(-0,12,-0,23,0,49)
18:13:43.584	L(-0,08,-0,37,0,30)	R(0,07,-0,19,0,27)
18:13:44.612	L(-0,08,-0,37,0,30)	R(0,07,-0,19,0,27)
18:13:45.640	L(-0,08,-0,37,0,30)	R(0,06,-0,19,0,27)
18:13:46.667	L(-0,08,-0,37,0,30)	R(-0,15,-0,19,0,45)
18:13:47.695	L(-0,08,-0,37,0,30)	R(-0,15,-0,17,0,44)
18:13:48.723	L(-0,08,-0,37,0,30)	R(0,04,-0,19,0,31)
18:13:49.751	L(-0,08,-0,37,0,30)	R(0,03,-0,18,0,33)
18:13:50.779	L(-0,08,-0,37,0,30)	R(-0,17,-0,19,0,44)
18:13:51.806	L(-0,08,-0,37,0,30)	R(-0,13,-0,18,0,42)
18:13:52.834	L(-0,08,-0,37,0,30)	R(0,03,-0,20,0,31)
18:13:53.862	L(-0,08,-0,37,0,30)	R(-0,11,-0,19,0,37)
18:13:54.890	L(-0,08,-0,37,0,30)	R(-0,04,-0,19,0,35)
18:13:55.933	L(-0,08,-0,37,0,30)	R(0,03,-0,21,0,28)
18:13:56.959	L(-0,08,-0,37,0,30)	R(-0,15,-0,19,0,39)
18:13:58.001	L(-0,08,-0,37,0,30)	R(-0,14,-0,19,0,41)
18:13:59.028	L(-0,08,-0,37,0,30)	R(0,03,-0,20,0,26)
18:14:00.056	L(-0,08,-0,37,0,30)	R(-0,05,-0,19,0,30)
18:14:01.084	L(-0,08,-0,37,0,30)	R(-0,11,-0,25,0,48)
18:14:02.111	L(-0,08,-0,37,0,30)	R(0,12,-0,18,0,32)
18:14:03.153	L(-0,08,-0,37,0,30)	R(0,10,-0,18,0,33)
18:14:04.181	L(-0,08,-0,37,0,30)	R(-0,13,-0,23,0,48)
18:14:05.209	L(-0,08,-0,37,0,30)	R(0,09,-0,18,0,30)
18:14:06.237	L(-0,08,-0,37,0,30)	R(0,03,-0,18,0,33)
18:14:07.265	L(-0,08,-0,37,0,30)	R(-0,08,-0,19,0,42)
18:14:08.293	L(-0,08,-0,37,0,30)	R(0,09,-0,19,0,28)
18:14:09.320	L(-0,08,-0,37,0,30)	R(-0,12,-0,21,0,44)
18:14:10.362	L(-0,08,-0,37,0,30)	R(0,09,-0,19,0,25)
18:14:11.404	L(-0,08,-0,37,0,30)	R(-0,19,-0,20,0,46)
18:14:12.445	L(-0,08,-0,37,0,30)	R(0,06,-0,19,0,30)
18:14:13.473	L(-0,08,-0,37,0,30)	R(-0,10,-0,18,0,37)
18:14:14.502	L(-0,08,-0,37,0,30)	R(-0,10,-0,18,0,39)
18:14:15.528	L(-0,08,-0,37,0,30)	R(-0,18,-0,21,0,32)
18:14:16.570	L(-0,08,-0,37,0,30)	R(-0,17,-0,19,0,47)
18:14:17.611	L(-0,08,-0,37,0,30)	R(0,04,-0,17,0,29)
18:14:18.654	L(-0,08,-0,37,0,30)	R(0,06,-0,18,0,29)
18:14:19.696	L(-0,08,-0,37,0,30)	R(-0,17,-0,19,0,44)
18:14:20.737	L(-0,08,-0,37,0,30)	R(0,06,-0,20,0,27)
18:14:21.765	L(-0,08,-0,37,0,30)	R(-0,19,-0,20,0,46)
18:14:22.793	L(-0,08,-0,36,0,30)	R(0,06,-0,19,0,28)
18:14:23.834	L(-0,08,-0,36,0,30)	R(0,08,-0,19,0,27)
18:14:24.875	L(-0,08,-0,36,0,30)	R(0,06,-0,19,0,25)
18:14:25.918	L(-0,08,-0,36,0,30)	R(-0,13,-0,23,0,47)
18:14:26.959	L(-0,08,-0,36,0,30)	R(0,13,-0,18,0,33)
18:14:28.002	L(-0,08,-0,36,0,30)	R(-0,13,-0,20,0,45)
18:14:29.028	L(-0,08,-0,36,0,30)	R(-0,18,-0,18,0,33)
18:14:30.056	L(-0,08,-0,36,0,30)	R(-0,11,-0,19,0,43)
18:14:31.084	L(-0,08,-0,36,0,30)	R(0,09,-0,15,0,30)
18:14:32.111	L(-0,08,-0,36,0,30)	R(0,10,-0,16,0,29)
18:14:33.139	L(-0,08,-0,36,0,29)	R(-0,11,-0,18,0,44)
18:14:34.167	L(-0,08,-0,36,0,29)	R(0,02,-0,15,0,32)
18:14:35.195	L(-0,08,-0,36,0,29)	R(0,08,-0,16,0,27)
18:14:36.223	L(-0,08,-0,36,0,29)	R(0,12,-0,17,0,28)
18:14:37.250	L(-0,08,-0,36,0,29)	R(-0,13,-0,14,0,37)
18:14:38.278	L(-0,08,-0,36,0,29)	R(0,04,-0,17,0,31)
18:14:39.306	L(-0,08,-0,36,0,29)	R(0,10,-0,18,0,32)
18:14:40.335	L(-0,08,-0,36,0,29)	R(-0,16,-0,20,0,45)
18:14:41.396	L(-0,08,-0,36,0,29)	R(0,03,-0,16,0,30)
18:14:42.404	L(-0,08,-0,36,0,29)	R(-0,23,-0,18,0,33)
18:14:43.431	L(-0,08,-0,36,0,29)	R(-0,10,-0,16,0,39)
18:14:44.459	L(-0,08,-0,36,0,29)	R(0,09,-0,19,0,30)
18:14:45.488	L(-0,08,-0,36,0,29)	R(-0,17,-0,20,0,47)
18:14:46.515	L(-0,08,-0,36,0,29)	R(0,08,-0,18,0,31)
18:14:47.542	L(-0,08,-0,37,0,29)	R(-0,19,-0,21,0,43)
18:14:48.570	L(-0,08,-0,37,0,29)	R(0,08,-0,20,0,26)
18:14:49.597	L(-0,08,-0,37,0,29)	R(-0,12,-0,22,0,45)
18:14:50.626	L(-0,08,-0,37,0,29)	R(-0,09,-0,18,0,43)
18:14:51.654	L(-0,08,-0,37,0,29)	R(0,17,-0,17,0,31)
18:14:52.681	L(-0,08,-0,37,0,29)	R(-0,08,-0,17,0,40)
18:14:53.709	L(-0,08,-0,37,0,29)	R(-0,08,-0,18,0,44)
18:14:54.738	L(-0,08,-0,37,0,29)	R(-0,22,-0,20,0,40)
18:14:55.764	L(-0,08,-0,37,0,29)	R(-0,14,-0,21,0,46)
18:14:56.793	L(-0,08,-0,37,0,29)	R(0,13,-0,16,0,31)
18:14:57.820	L(-0,08,-0,37,0,29)	R(0,15,-0,17,0,30)
18:14:58.848	L(-0,08,-0,37,0,29)	R(-0,14,-0,19,0,44)
18:14:59.876	L(-0,08,-0,37,0,29)	R(-0,04,-0,17,0,37)
18:15:00.918	L(-0,08,-0,37,0,29)	R(-0,25,-0,18,0,38)
18:15:01.945	L(-0,08,-0,38,0,29)	R(-0,06,-0,18,0,39)
18:15:02.973	L(-0,08,-0,38,0,29)	R(0,14,-0,18,0,28)
18:15:04.001	L(-0,08,-0,38,0,29)	R(-0,15,-0,19,0,46)
18:15:05.029	L(-0,08,-0,38,0,29)	R(0,12,-0,17,0,25)
18:15:06.057	L(-0,08,-0,38,0,29)	R(0,15,-0,18,0,25)
18:15:07.081	L(-0,08,-0,38,0,29)	R(0,43,-0,09,0,09)
18:15:08.111	L(-0,08,-0,38,0,29)	R(0,57,-0,05,0,10)
18:15:09.153	L(-0,08,-0,38,0,29)	R(-0,15,-0,16,0,27)
18:15:10.182	L(-0,08,-0,38,0,29)	R(-0,24,-0,18,0,36)
18:15:11.208	L(-0,08,-0,38,0,29)	R(0,08,-0,05,0,26)
18:15:12.244	L(-0,08,-0,38,0,29)	R(0,08,-0,11,0,25)
18:15:13.293	L(-0,08,-0,38,0,29)	R(0,53,-0,05,0,10)
18:15:14.320	L(-0,08,-0,38,0,29)	R(0,22,-0,16,0,13)
18:15:15.361	L(-0,08,-0,38,0,29)	R(0,20,-0,14,0,18)
18:15:16.403	L(-0,08,-0,38,0,29)	R(0,25,-0,16,0,27)
18:15:17.445	L(-0,08,-0,38,0,29)	R(-0,03,-0,16,0,26)
18:15:18.487	L(-0,08,-0,38,0,29)	R(-0,03,-0,15,0,26)
18:15:19.529	L(-0,08,-0,38,0,29)	R(-0,04,-0,16,0,25)
18:15:20.570	L(-0,08,-0,38,0,29)	R(-0,03,-0,17,0,25)
18:15:21.612	L(-0,08,-0,38,0,29)	R(-0,02,-0,16,0,26)
18:15:22.654	L(-0,08,-0,38,0,29)	R(-0,03,-0,16,0,26)
18:15:23.696	L(-0,08,-0,38,0,29)	R(-0,02,-0,17,0,26)
18:15:24.738	L(-0,08,-0,39,0,29)	R(0,03,-0,17,0,25)
18:15:25.779	L(-0,08,-0,39,0,29)	R(0,03,-0,15,0,25)
18:15:26.807	L(-0,08,-0,39,0,29)	R(0,04,-0,14,0,25)
18:15:27.834	L(-0,08,-0,39,0,29)	R(-0,05,-0,17,0,26)
18:15:28.876	L(-0,08,-0,39,0,29)	R(-0,04,-0,15,0,25)
18:15:29.918	L(-0,08,-0,39,0,29)	R(-0,04,-0,17,0,25)
18:15:30.959	L(-0,08,-0,39,0,29)	R(-0,03,-0,17,0,26)
18:15:32.001	L(-0,08,-0,39,0,29)	R(-0,03,-0,18,0,24)
18:15:33.042	L(-0,08,-0,39,0,29)	R(-0,02,-0,18,0,26)
18:15:34.097	L(-0,08,-0,39,0,29)	R(-0,02,-0,18,0,25)
18:15:35.139	L(-0,08,-0,39,0,29)	R(-0,04,-0,18,0,25)
18:15:36.180	L(-0,08,-0,39,0,29)	R(0,15,-0,18,0,26)
18:15:37.222	L(-0,08,-0,39,0,29)	R(0,22,-0,14,0,36)
18:15:38.264	L(-0,08,-0,39,0,29)	R(0,00,-0,18,0,25)
18:15:39.306	L(-0,08,-0,39,0,29)	R(-0,01,-0,18,0,24)
18:15:40.347	L(-0,08,-0,39,0,29)	R(0,00,-0,19,0,24)
18:15:41.347	L(-0,08,-0,39,0,29)	R(0,01,-0,19,0,25)
18:15:42.402	L(-0,08,-0,39,0,29)	R(0,29,-0,15,0,43)
18:15:43.445	L(-0,08,-0,39,0,29)	R(0,04,-0,18,0,27)
18:15:44.445	L(-0,08,-0,39,0,29)	R(0,16,-0,14,0,31)
18:15:45.487	L(-0,08,-0,39,0,29)	R(0,08,-0,17,0,28)
18:15:46.528	L(-0,08,-0,39,0,29)	R(0,31,-0,16,0,42)
18:15:47.569	L(-0,08,-0,39,0,29)	R(0,11,-0,17,0,26)
18:15:48.611	L(-0,08,-0,39,0,29)	R(0,04,-0,30,0,11)
18:15:49.655	L(-0,08,-0,39,0,29)	R(0,58,-0,09,0,07)
18:15:50.682	L(-0,08,-0,39,0,29)	R(0,20,-0,15,0,14)
18:15:51.724	L(-0,08,-0,39,0,29)	R(0,06,-0,15,0,25)
18:15:52.766	L(-0,08,-0,39,0,29)	R(0,07,-0,14,0,25)
18:15:53.819	L(-0,08,-0,39,0,29)	R(0,13,-0,09,0,25)
18:15:54.880	L(-0,08,-0,39,0,29)	R(0,08,-0,14,0,27)
18:15:55.889	L(-0,08,-0,39,0,29)	R(0,04,-0,20,0,16)
18:15:56.930	L(-0,08,-0,39,0,29)	R(-0,07,-0,18,0,23)
18:15:57.972	L(-0,08,-0,39,0,29)	R(-0,10,-0,21,0,29)
18:15:59.015	L(-0,08,-0,39,0,29)	R(-0,04,-0,17,0,23)
18:16:00.069	L(-0,08,-0,39,0,29)	R(-0,05,-0,16,0,23)
18:16:01.111	L(-0,08,-0,39,0,29)	R(-0,09,-0,22,0,29)
18:16:02.111	L(-0,08,-0,39,0,29)	R(0,00,-0,17,0,23)
18:16:03.166	L(-0,08,-0,40,0,29)	R(0,02,-0,18,0,26)
18:16:04.166	L(-0,09,-0,37,0,31)	R(0,11,-0,17,0,25)
18:16:05.166	L(-0,09,-0,37,0,31)	R(-0,01,-0,17,0,26)
18:16:06.208	L(-0,09,-0,37,0,31)	R(-0,03,-0,17,0,25)
18:16:07.264	L(-0,09,-0,37,0,31)	R(0,10,-0,18,0,22)
18:16:08.264	L(-0,09,-0,37,0,31)	R(0,15,-0,24,0,11)
18:16:09.306	L(-0,09,-0,37,0,31)	R(0,08,-0,23,0,15)
18:16:10.349	L(-0,09,-0,37,0,31)	R(0,03,-0,21,0,24)
18:16:11.390	L(-0,09,-0,37,0,31)	R(-0,13,-0,20,0,25)
18:16:12.432	L(-0,09,-0,37,0,31)	R(-0,22,-0,23,0,27)
18:16:13.461	L(-0,09,-0,37,0,31)	R(-0,14,-0,12,0,26)
18:16:14.503	L(-0,09,-0,37,0,31)	R(-0,07,-0,18,0,26)
18:16:15.544	L(-0,09,-0,37,0,31)	R(0,00,-0,13,0,27)
18:16:16.571	L(-0,09,-0,37,0,31)	R(0,04,-0,18,0,26)
18:16:17.613	L(-0,09,-0,37,0,31)	R(0,12,-0,16,0,27)
18:16:18.656	L(-0,09,-0,37,0,31)	R(0,09,-0,05,0,29)
18:16:19.698	L(-0,09,-0,37,0,31)	R(0,07,-0,07,0,28)
18:16:20.737	L(-0,09,-0,37,0,31)	R(0,00,-0,22,0,26)
18:16:21.778	L(-0,09,-0,37,0,31)	R(0,25,-0,12,0,40)
18:16:22.820	L(-0,09,-0,37,0,31)	R(0,04,-0,12,0,28)
18:16:23.862	L(-0,09,-0,37,0,31)	R(0,25,-0,18,0,37)
18:16:24.902	L(-0,09,-0,37,0,31)	R(0,22,-0,18,0,36)
18:16:25.945	L(-0,09,-0,37,0,31)	R(-0,03,-0,15,0,27)
18:16:26.986	L(-0,09,-0,37,0,31)	R(-0,03,-0,14,0,28)
18:16:28.028	L(-0,09,-0,37,0,31)	R(-0,02,-0,14,0,28)
18:16:29.069	L(-0,09,-0,37,0,31)	R(0,24,-0,20,0,37)
18:16:30.111	L(-0,09,-0,37,0,31)	R(0,27,-0,20,0,40)
18:16:31.154	L(-0,09,-0,37,0,31)	R(0,01,-0,14,0,29)
18:16:32.195	L(-0,09,-0,37,0,31)	R(0,21,-0,18,0,35)
18:16:33.237	L(-0,09,-0,37,0,31)	R(0,26,-0,19,0,39)
18:16:34.278	L(-0,09,-0,37,0,31)	R(0,16,-0,14,0,34)
18:16:35.320	L(-0,09,-0,37,0,31)	R(0,05,-0,14,0,29)
18:16:36.362	L(-0,09,-0,37,0,31)	R(0,03,-0,19,0,28)
18:16:37.410	L(-0,09,-0,37,0,31)	R(0,05,-0,15,0,29)
18:16:38.448	L(-0,09,-0,38,0,31)	R(0,05,-0,12,0,27)
18:16:39.506	L(-0,09,-0,38,0,31)	R(0,10,-0,11,0,27)
18:16:40.548	L(-0,09,-0,38,0,31)	R(0,13,-0,11,0,25)
18:16:41.586	L(-0,09,-0,38,0,31)	R(0,06,-0,14,0,26)
18:16:42.626	L(-0,09,-0,38,0,31)	R(0,03,-0,14,0,28)
18:16:43.667	L(-0,09,-0,38,0,31)	R(-0,01,-0,15,0,27)
18:16:44.710	L(-0,09,-0,38,0,31)	R(0,02,-0,15,0,27)
18:16:45.753	L(-0,09,-0,38,0,31)	R(0,02,-0,21,0,25)
18:16:46.801	L(-0,09,-0,38,0,31)	R(0,04,-0,17,0,29)
18:16:47.824	L(-0,08,-0,38,0,31)	R(0,04,-0,12,0,29)
18:16:48.862	L(-0,08,-0,38,0,31)	R(0,01,-0,13,0,26)
18:16:49.904	L(-0,08,-0,38,0,31)	R(0,00,-0,11,0,30)
18:16:50.945	L(-0,08,-0,38,0,31)	R(-0,01,-0,11,0,29)
18:16:51.987	L(-0,08,-0,38,0,31)	R(0,01,-0,11,0,28)
18:16:53.028	L(-0,08,-0,38,0,31)	R(0,03,-0,11,0,29)
18:16:54.069	L(-0,08,-0,38,0,31)	R(0,13,-0,10,0,31)
18:16:55.111	L(-0,08,-0,39,0,31)	R(0,26,-0,18,0,38)
18:16:56.153	L(-0,08,-0,39,0,31)	R(0,11,-0,09,0,29)
18:16:57.208	L(-0,08,-0,39,0,31)	R(0,07,-0,09,0,27)
18:16:58.208	L(-0,08,-0,39,0,31)	R(0,07,-0,12,0,29)
18:16:59.208	L(-0,08,-0,39,0,31)	R(0,06,-0,11,0,30)
18:17:00.264	L(-0,08,-0,39,0,31)	R(0,07,-0,09,0,30)
18:17:01.319	L(-0,08,-0,39,0,31)	R(0,07,-0,09,0,30)
18:17:02.319	L(-0,08,-0,39,0,31)	R(0,08,-0,09,0,29)
18:17:03.319	L(-0,08,-0,39,0,31)	R(0,31,-0,13,0,43)
18:17:04.319	L(-0,08,-0,39,0,31)	R(0,17,-0,07,0,31)
18:17:05.361	L(-0,08,-0,39,0,31)	R(0,12,-0,11,0,30)
18:17:06.417	L(-0,08,-0,39,0,31)	R(0,10,-0,10,0,28)
18:17:07.472	L(-0,08,-0,39,0,31)	R(0,26,-0,12,0,38)
18:17:08.527	L(-0,08,-0,39,0,31)	R(0,01,-0,13,0,28)
18:17:09.528	L(-0,08,-0,39,0,31)	R(-0,05,-0,12,0,28)
18:17:10.569	L(-0,08,-0,39,0,31)	R(-0,01,-0,12,0,28)
18:17:11.610	L(-0,08,-0,39,0,31)	R(-0,02,-0,12,0,28)
18:17:12.611	L(-0,08,-0,39,0,31)	R(-0,02,-0,12,0,28)
18:17:13.653	L(-0,08,-0,39,0,31)	R(0,23,-0,19,0,32)
18:17:14.653	L(-0,08,-0,39,0,31)	R(-0,03,-0,13,0,29)
18:17:15.695	L(-0,08,-0,39,0,31)	R(-0,03,-0,12,0,28)
18:17:16.740	L(-0,08,-0,39,0,31)	R(0,00,-0,12,0,28)
18:17:17.743	L(-0,08,-0,39,0,31)	R(0,05,-0,13,0,29)
18:17:18.781	L(-0,08,-0,39,0,31)	R(0,05,-0,10,0,28)
18:17:19.778	L(-0,08,-0,39,0,31)	R(0,06,-0,08,0,29)
18:17:20.820	L(-0,08,-0,39,0,31)	R(0,07,-0,08,0,30)
18:17:21.865	L(-0,08,-0,39,0,31)	R(0,09,-0,08,0,30)
18:17:22.905	L(-0,08,-0,39,0,31)	R(0,09,-0,10,0,25)
18:17:23.962	L(-0,08,-0,39,0,31)	R(0,05,-0,21,0,26)
18:17:24.962	L(-0,08,-0,39,0,31)	R(0,04,-0,21,0,26)
18:17:26.001	L(-0,08,-0,39,0,31)	R(0,03,-0,15,0,25)
18:17:27.044	L(-0,08,-0,39,0,31)	R(0,01,-0,11,0,28)
18:17:28.084	L(-0,08,-0,39,0,31)	R(0,01,-0,13,0,26)
18:17:29.109	L(-0,08,-0,39,0,31)	R(0,05,-0,16,0,26)
18:17:30.110	L(-0,08,-0,39,0,31)	R(0,05,-0,18,0,26)
18:17:31.166	L(-0,08,-0,39,0,31)	R(0,05,-0,10,0,24)
18:17:32.167	L(-0,08,-0,39,0,31)	R(0,06,-0,02,0,22)
18:17:33.222	L(-0,08,-0,39,0,31)	R(0,06,-0,12,0,27)
18:17:34.222	L(-0,08,-0,39,0,31)	R(0,01,-0,17,0,24)
18:17:35.282	L(-0,08,-0,39,0,31)	R(0,08,-0,12,0,27)
18:17:36.282	L(-0,08,-0,39,0,31)	R(0,13,-0,08,0,27)
18:17:37.283	L(-0,08,-0,39,0,31)	R(0,11,-0,10,0,28)
18:17:38.281	L(-0,08,-0,39,0,31)	R(0,10,-0,19,0,27)
18:17:39.320	L(-0,08,-0,39,0,31)	R(-0,04,-0,19,0,27)
18:17:40.362	L(-0,08,-0,39,0,31)	R(0,08,-0,11,0,27)
18:17:41.404	L(-0,08,-0,39,0,31)	R(0,08,-0,12,0,29)
18:17:42.444	L(-0,08,-0,39,0,31)	R(0,09,-0,16,0,26)
18:17:43.489	L(-0,08,-0,39,0,31)	R(0,07,-0,12,0,27)
18:17:44.542	L(-0,08,-0,39,0,31)	R(0,08,-0,13,0,27)
18:17:45.546	L(-0,08,-0,39,0,31)	R(0,06,-0,12,0,27)
18:17:46.547	L(-0,08,-0,39,0,31)	R(0,10,-0,14,0,27)
18:17:47.542	L(-0,08,-0,39,0,31)	R(0,09,-0,12,0,30)
18:17:48.584	L(-0,08,-0,39,0,31)	R(0,08,-0,10,0,31)
18:17:49.625	L(-0,08,-0,39,0,31)	R(0,07,-0,10,0,30)
18:17:50.628	L(-0,08,-0,39,0,31)	R(0,07,-0,11,0,29)
18:17:51.670	L(-0,08,-0,39,0,31)	R(-0,03,-0,25,0,26)
18:17:52.710	L(-0,08,-0,39,0,31)	R(-0,04,-0,23,0,25)
18:17:53.708	L(-0,08,-0,39,0,31)	R(0,21,-0,19,0,31)
18:17:54.750	L(-0,08,-0,39,0,31)	R(-0,03,-0,14,0,24)
18:17:55.791	L(-0,08,-0,39,0,31)	R(-0,08,-0,15,0,25)
18:17:56.833	L(-0,08,-0,39,0,31)	R(0,20,-0,20,0,33)
18:17:57.875	L(-0,08,-0,39,0,31)	R(-0,02,-0,13,0,26)
18:17:58.917	L(-0,08,-0,39,0,31)	R(-0,10,-0,15,0,25)
18:17:59.958	L(-0,08,-0,39,0,31)	R(-0,10,-0,15,0,24)
18:18:01.000	L(-0,08,-0,39,0,31)	R(-0,11,-0,14,0,25)
18:18:02.042	L(-0,08,-0,39,0,31)	R(0,00,-0,14,0,25)
18:18:03.084	L(-0,08,-0,39,0,31)	R(0,00,-0,12,0,26)
18:18:04.129	L(-0,08,-0,39,0,31)	R(-0,04,-0,11,0,25)
18:18:05.158	L(-0,08,-0,39,0,31)	R(-0,03,-0,14,0,24)
18:18:06.197	L(-0,08,-0,39,0,31)	R(0,01,-0,11,0,26)
18:18:07.236	L(-0,08,-0,39,0,31)	R(-0,03,-0,10,0,25)
18:18:08.279	L(-0,08,-0,39,0,31)	R(-0,06,-0,10,0,27)
18:18:09.320	L(-0,08,-0,39,0,31)	R(-0,05,-0,10,0,26)
18:18:10.365	L(-0,08,-0,37,0,30)	R(-0,04,-0,10,0,27)
18:18:11.422	L(-0,08,-0,37,0,30)	R(0,03,-0,10,0,28)
18:18:12.417	L(-0,08,-0,37,0,30)	R(0,03,-0,10,0,27)
18:18:13.460	L(-0,08,-0,37,0,30)	R(0,04,-0,09,0,30)
18:18:14.502	L(-0,08,-0,37,0,30)	R(0,02,-0,09,0,30)
18:18:15.543	L(-0,08,-0,37,0,30)	R(0,02,-0,11,0,26)
18:18:16.584	L(-0,08,-0,37,0,30)	R(0,00,-0,10,0,26)
18:18:17.626	L(-0,08,-0,37,0,30)	R(0,01,-0,11,0,26)
18:18:18.668	L(-0,08,-0,37,0,30)	R(0,07,-0,09,0,29)
18:18:19.708	L(-0,08,-0,37,0,30)	R(0,10,-0,07,0,29)
18:18:20.708	L(-0,08,-0,37,0,30)	R(0,24,-0,19,0,30)
18:18:21.749	L(-0,08,-0,37,0,30)	R(0,13,-0,11,0,31)
18:18:22.791	L(-0,08,-0,37,0,30)	R(0,24,-0,13,0,31)
18:18:23.833	L(-0,08,-0,37,0,30)	R(0,03,-0,14,0,28)
18:18:24.877	L(-0,08,-0,37,0,30)	R(0,03,-0,17,0,26)
18:18:25.892	L(-0,08,-0,37,0,30)	R(0,02,-0,20,0,25)
18:18:26.905	L(-0,08,-0,37,0,30)	R(0,01,-0,17,0,26)
18:18:27.945	L(-0,08,-0,37,0,30)	R(0,05,-0,22,0,24)
18:18:28.987	L(-0,08,-0,37,0,30)	R(0,03,-0,10,0,31)
18:18:30.029	L(-0,08,-0,37,0,30)	R(-0,02,-0,11,0,28)
18:18:31.069	L(-0,08,-0,37,0,30)	R(-0,02,-0,11,0,29)
18:18:32.112	L(-0,08,-0,37,0,30)	R(0,03,-0,12,0,31)
18:18:33.152	L(-0,08,-0,37,0,30)	R(0,00,-0,11,0,30)
18:18:34.195	L(-0,08,-0,37,0,30)	R(0,19,-0,15,0,27)
18:18:35.236	L(-0,08,-0,37,0,30)	R(0,12,-0,10,0,28)
18:18:36.278	L(-0,08,-0,37,0,30)	R(0,03,-0,12,0,29)
18:18:37.319	L(-0,08,-0,37,0,30)	R(0,20,-0,20,0,30)
18:18:38.362	L(-0,08,-0,37,0,30)	R(0,06,-0,12,0,28)
18:18:39.403	L(-0,09,-0,37,0,30)	R(0,22,-0,19,0,30)
18:18:40.444	L(-0,08,-0,37,0,30)	R(0,19,-0,15,0,29)
18:18:41.487	L(-0,08,-0,37,0,30)	R(0,10,-0,13,0,28)
18:18:42.528	L(-0,08,-0,37,0,30)	R(0,17,-0,19,0,15)
18:18:43.573	L(-0,08,-0,37,0,30)	R(0,26,-0,23,0,00)
18:18:44.600	L(-0,08,-0,37,0,30)	R(0,58,-0,06,0,06)
18:18:45.627	L(-0,08,-0,37,0,30)	R(0,54,-0,12,-0,14)
18:18:46.654	L(-0,08,-0,37,0,30)	R(0,22,-0,47,-0,01)
18:18:47.695	L(-0,08,-0,38,0,31)	R(0,21,-0,49,0,00)
18:18:48.737	L(-0,08,-0,38,0,31)	R(0,21,-0,49,0,01)
18:18:49.778	L(-0,08,-0,38,0,31)	R(0,21,-0,49,0,01)
18:18:50.820	L(-0,08,-0,38,0,31)	R(0,13,-0,01,0,27)
18:18:51.861	L(-0,08,-0,39,0,31)	R(0,09,-0,08,0,53)
18:18:52.916	L(-0,08,-0,39,0,31)	R(0,01,-0,02,0,33)
18:18:53.972	L(-0,08,-0,39,0,32)	R(-0,01,-0,07,0,33)
18:18:54.971	L(-0,08,-0,39,0,32)	R(0,01,-0,07,0,34)
18:18:56.014	L(-0,08,-0,39,0,32)	R(0,01,-0,09,0,34)
18:18:57.014	L(-0,08,-0,39,0,32)	R(0,01,-0,09,0,33)
18:18:58.056	L(-0,08,-0,39,0,32)	R(-0,01,-0,10,0,35)
18:18:59.098	L(-0,08,-0,39,0,32)	R(0,00,-0,09,0,33)
18:19:00.139	L(-0,08,-0,39,0,32)	R(0,00,-0,09,0,31)
18:19:01.181	L(-0,08,-0,39,0,32)	R(0,02,-0,09,0,31)
18:19:02.223	L(-0,08,-0,39,0,32)	R(0,02,-0,09,0,29)
18:19:03.265	L(-0,08,-0,39,0,32)	R(0,01,-0,09,0,28)
18:19:04.306	L(-0,08,-0,39,0,32)	R(0,04,-0,09,0,29)
18:19:05.348	L(-0,08,-0,39,0,32)	R(0,06,-0,10,0,28)
18:19:06.403	L(-0,08,-0,39,0,32)	R(0,06,-0,10,0,30)
18:19:07.458	L(-0,08,-0,39,0,32)	R(0,04,-0,10,0,30)
18:19:08.514	L(-0,08,-0,39,0,32)	R(0,04,-0,10,0,30)
18:19:09.569	L(-0,08,-0,39,0,32)	R(0,04,-0,10,0,32)
18:19:10.625	L(-0,08,-0,39,0,31)	R(0,05,-0,10,0,32)
18:19:11.680	L(-0,08,-0,39,0,31)	R(0,05,-0,11,0,34)
18:19:12.681	L(-0,08,-0,39,0,31)	R(0,03,-0,11,0,34)
18:19:13.681	L(-0,08,-0,39,0,31)	R(0,07,-0,11,0,33)
18:19:14.736	L(-0,08,-0,39,0,31)	R(0,09,-0,11,0,33)
18:19:15.739	L(-0,08,-0,39,0,31)	R(0,08,-0,11,0,32)
18:19:16.778	L(-0,08,-0,39,0,31)	R(0,07,-0,10,0,30)
18:19:17.833	L(-0,08,-0,39,0,31)	R(0,06,-0,10,0,31)
18:19:18.834	L(-0,08,-0,39,0,31)	R(0,07,-0,11,0,31)
18:19:19.888	L(-0,08,-0,39,0,31)	R(0,07,-0,11,0,27)
18:19:20.945	L(-0,08,-0,39,0,31)	R(0,09,-0,12,0,28)
18:19:22.000	L(-0,08,-0,39,0,31)	R(0,10,-0,11,0,31)
18:19:23.000	L(-0,08,-0,39,0,31)	R(0,11,-0,11,0,32)
18:19:24.055	L(-0,08,-0,39,0,31)	R(0,10,-0,11,0,34)
18:19:25.055	L(-0,08,-0,39,0,31)	R(0,13,-0,12,0,31)
18:19:26.056	L(-0,08,-0,39,0,31)	R(0,11,-0,11,0,28)
18:19:27.110	L(-0,08,-0,39,0,31)	R(0,10,-0,11,0,27)
18:19:28.167	L(-0,08,-0,39,0,31)	R(0,14,-0,12,0,34)
18:19:29.222	L(-0,08,-0,39,0,31)	R(0,15,-0,11,0,31)
18:19:30.222	L(-0,08,-0,39,0,31)	R(0,15,-0,12,0,30)
18:19:31.278	L(-0,08,-0,39,0,31)	R(0,13,-0,11,0,27)
18:19:32.332	L(-0,08,-0,39,0,31)	R(0,19,-0,14,0,24)
18:19:33.334	L(-0,08,-0,39,0,31)	R(0,23,-0,42,0,02)
18:19:34.364	L(-0,08,-0,39,0,31)	R(0,30,-0,44,-0,10)
18:19:35.402	L(-0,08,-0,39,0,31)	R(0,27,-0,50,-0,06)
18:19:36.403	L(-0,08,-0,39,0,31)	R(0,03,-0,14,0,26)
18:19:37.403	L(-0,08,-0,39,0,31)	R(0,05,-0,14,0,28)
18:19:38.448	L(-0,08,-0,39,0,31)	R(0,04,-0,13,0,27)
18:19:39.487	L(-0,08,-0,39,0,31)	R(0,02,-0,10,0,25)
18:19:40.527	L(-0,08,-0,39,0,31)	R(0,04,-0,12,0,51)
18:19:41.527	L(-0,08,-0,39,0,31)	R(0,00,-0,06,0,30)
18:19:42.528	L(-0,08,-0,39,0,31)	R(0,01,-0,09,0,32)
18:19:43.584	L(-0,08,-0,39,0,31)	R(0,03,-0,08,0,28)
18:19:44.639	L(-0,08,-0,39,0,31)	R(0,04,-0,11,0,31)
18:19:45.639	L(-0,08,-0,39,0,31)	R(0,06,-0,10,0,32)
18:19:46.694	L(-0,08,-0,39,0,31)	R(-0,04,-0,10,0,26)
18:19:47.736	L(-0,08,-0,39,0,31)	R(-0,04,-0,11,0,25)
18:19:48.791	L(-0,08,-0,39,0,31)	R(0,05,-0,11,0,25)
18:19:49.848	L(-0,08,-0,39,0,31)	R(0,10,-0,11,0,24)
18:19:50.903	L(-0,08,-0,39,0,31)	R(-0,09,-0,10,0,22)
18:19:51.958	L(-0,08,-0,39,0,31)	R(0,07,-0,09,0,26)
18:19:53.013	L(-0,08,-0,39,0,31)	R(0,08,-0,09,0,30)
18:19:54.014	L(-0,08,-0,39,0,31)	R(0,09,-0,09,0,28)
18:19:55.014	L(-0,08,-0,39,0,31)	R(-0,02,-0,08,0,31)
18:19:56.014	L(-0,08,-0,39,0,31)	R(-0,01,-0,09,0,26)
18:19:57.014	L(-0,08,-0,39,0,31)	R(0,00,-0,08,0,26)
18:19:58.068	L(-0,08,-0,39,0,31)	R(0,20,-0,11,0,40)
18:19:59.068	L(-0,08,-0,39,0,31)	R(0,19,-0,07,0,38)
18:20:00.069	L(-0,08,-0,39,0,31)	R(0,10,-0,23,0,19)
18:20:01.124	L(-0,08,-0,39,0,31)	R(0,17,-0,36,0,15)
18:20:02.180	L(-0,08,-0,39,0,31)	R(0,22,-0,46,0,04)
18:20:03.180	L(-0,08,-0,39,0,31)	R(0,23,-0,47,0,05)
18:20:04.236	L(-0,08,-0,39,0,31)	R(0,23,-0,47,0,05)
18:20:05.291	L(-0,08,-0,39,0,31)	R(0,23,-0,47,0,05)
18:20:06.293	L(-0,08,-0,39,0,31)	R(0,23,-0,47,0,05)
18:20:07.322	L(-0,08,-0,39,0,31)	R(0,23,-0,47,0,05)
18:20:08.350	L(-0,08,-0,39,0,31)	R(0,23,-0,48,0,05)
18:20:09.375	L(-0,08,-0,39,0,31)	R(0,23,-0,48,0,05)
18:20:10.430	L(-0,08,-0,39,0,31)	R(0,17,-0,36,0,10)
18:20:11.486	L(-0,08,-0,39,0,31)	R(0,01,-0,18,0,24)
18:20:12.488	L(-0,08,-0,39,0,31)	R(0,01,-0,20,0,23)
18:20:13.540	L(-0,08,-0,39,0,31)	R(0,15,-0,42,0,12)
18:20:14.541	L(-0,08,-0,39,0,31)	R(0,23,-0,46,0,06)
18:20:15.586	L(-0,08,-0,39,0,31)	R(0,23,-0,47,0,06)
18:20:16.614	L(-0,08,-0,39,0,31)	R(0,24,-0,47,0,07)
18:20:17.641	L(-0,08,-0,39,0,31)	R(0,43,-0,24,0,09)
18:20:18.668	L(-0,08,-0,39,0,31)	R(0,27,-0,35,0,07)
18:20:19.722	L(-0,08,-0,39,0,31)	R(0,12,-0,50,0,07)
18:20:20.753	L(-0,08,-0,39,0,31)	R(0,11,-0,50,0,07)
18:20:21.780	L(-0,08,-0,39,0,31)	R(0,11,-0,51,0,07)
18:20:22.819	L(-0,08,-0,39,0,31)	R(0,11,-0,51,0,07)
18:20:23.822	L(-0,08,-0,39,0,31)	R(0,24,-0,43,0,08)
18:20:24.849	L(-0,08,-0,39,0,31)	R(0,24,-0,47,0,08)
18:20:25.878	L(-0,08,-0,39,0,31)	R(0,23,-0,47,0,08)
18:20:26.920	L(-0,08,-0,39,0,31)	R(0,17,-0,46,0,11)
18:20:27.945	L(-0,08,-0,39,0,31)	R(0,18,-0,45,0,09)
18:20:28.975	L(-0,08,-0,39,0,31)	R(0,19,-0,40,0,05)
18:20:30.003	L(-0,08,-0,39,0,31)	R(0,39,0,00,0,14)
18:20:31.030	L(-0,08,-0,39,0,31)	R(0,53,0,03,0,08)
18:20:32.058	L(-0,08,-0,39,0,31)	R(0,49,-0,16,0,07)
18:20:33.086	L(-0,08,-0,39,0,31)	R(0,49,-0,16,0,07)
18:20:34.124	L(-0,08,-0,39,0,31)	R(0,48,-0,20,0,10)
18:20:35.155	L(-0,08,-0,39,0,31)	R(0,57,-0,18,0,11)
18:20:36.195	L(-0,08,-0,39,0,31)	R(0,59,-0,19,0,11)
18:20:37.195	L(-0,08,-0,39,0,31)	R(0,50,-0,22,0,08)
18:20:38.249	L(-0,08,-0,39,0,31)	R(0,61,-0,20,0,09)
18:20:39.252	L(-0,08,-0,39,0,31)	R(0,62,-0,17,0,10)
18:20:40.278	L(-0,08,-0,39,0,31)	R(0,51,-0,21,0,07)
18:20:41.279	L(-0,08,-0,39,0,31)	R(0,47,-0,04,0,05)
18:20:42.308	L(-0,08,-0,39,0,31)	R(0,58,0,01,0,08)
