14:34:55.706	L(-0,08,-0,56,0,27)	R(0,05,-0,31,0,08)
14:34:56.750	L(-0,10,-0,56,0,27)	R(-0,03,-0,30,0,08)
14:34:57.801	L(-0,10,-0,53,0,29)	R(0,00,-0,29,0,13)
14:34:58.864	L(-0,11,-0,53,0,28)	R(-0,02,-0,30,0,13)
14:34:59.880	L(-0,16,-0,55,0,27)	R(0,01,-0,28,0,11)
14:35:00.896	L(-0,15,-0,54,0,26)	R(0,00,-0,31,0,11)
14:35:01.914	L(-0,16,-0,54,0,27)	R(-0,07,-0,29,0,24)
14:35:02.929	L(-0,15,-0,54,0,26)	R(0,00,-0,29,0,11)
14:35:03.945	L(-0,14,-0,55,0,26)	R(-0,11,-0,29,0,31)
14:35:04.963	L(-0,15,-0,55,0,26)	R(0,01,-0,29,0,06)
14:35:05.978	L(-0,15,-0,55,0,26)	R(-0,07,-0,28,0,24)
14:35:06.993	L(-0,15,-0,55,0,26)	R(0,08,-0,25,0,18)
14:35:08.011	L(-0,15,-0,55,0,26)	R(0,01,-0,25,0,16)
14:35:09.028	L(-0,15,-0,56,0,25)	R(0,06,-0,18,0,16)
14:35:10.046	L(-0,15,-0,56,0,25)	R(0,08,-0,27,0,15)
14:35:11.061	L(-0,16,-0,57,0,25)	R(-0,04,-0,22,0,20)
14:35:12.079	L(-0,15,-0,56,0,25)	R(0,08,-0,27,0,13)
14:35:13.093	L(-0,15,-0,56,0,25)	R(-0,10,-0,28,0,30)
14:35:14.111	L(-0,14,-0,56,0,25)	R(0,08,-0,27,0,11)
14:35:15.127	L(-0,16,-0,57,0,25)	R(-0,08,-0,26,0,27)
14:35:16.144	L(-0,14,-0,57,0,25)	R(0,05,-0,27,0,12)
14:35:17.161	L(-0,14,-0,57,0,25)	R(0,03,-0,29,0,12)
14:35:18.177	L(-0,16,-0,58,0,25)	R(-0,07,-0,27,0,22)
14:35:19.194	L(-0,14,-0,58,0,25)	R(0,03,-0,29,0,10)
14:35:20.210	L(-0,14,-0,58,0,25)	R(-0,11,-0,27,0,32)
14:35:21.227	L(-0,13,-0,58,0,25)	R(0,04,-0,27,0,10)
14:35:22.243	L(-0,13,-0,58,0,25)	R(-0,02,-0,28,0,13)
14:35:23.259	L(-0,13,-0,58,0,24)	R(0,04,-0,25,0,06)
14:35:24.275	L(-0,13,-0,58,0,24)	R(0,03,-0,29,0,06)
14:35:25.291	L(-0,12,-0,58,0,24)	R(-0,11,-0,28,0,31)
14:35:26.309	L(-0,11,-0,59,0,25)	R(0,12,-0,27,0,15)
14:35:27.325	L(-0,11,-0,59,0,25)	R(0,06,-0,27,0,13)
14:35:28.341	L(-0,13,-0,59,0,26)	R(0,04,-0,21,0,18)
14:35:29.358	L(-0,11,-0,59,0,26)	R(0,12,-0,27,0,13)
14:35:30.374	L(-0,11,-0,59,0,25)	R(-0,05,-0,24,0,19)
14:35:31.390	L(-0,11,-0,60,0,25)	R(0,10,-0,22,0,11)
14:35:32.408	L(-0,11,-0,60,0,25)	R(0,11,-0,28,0,12)
14:35:33.423	L(-0,13,-0,60,0,25)	R(-0,05,-0,25,0,22)
14:35:34.440	L(-0,12,-0,60,0,24)	R(0,12,-0,27,0,10)
14:35:35.455	L(-0,13,-0,60,0,25)	R(-0,10,-0,28,0,29)
14:35:36.472	L(-0,10,-0,60,0,26)	R(0,08,-0,27,0,13)
14:35:37.488	L(-0,10,-0,61,0,25)	R(0,07,-0,28,0,12)
14:35:38.505	L(-0,10,-0,61,0,25)	R(-0,11,-0,30,0,31)
14:35:39.522	L(-0,09,-0,61,0,25)	R(0,07,-0,29,0,10)
14:35:40.539	L(-0,09,-0,61,0,25)	R(0,02,-0,28,0,11)
14:35:41.554	L(-0,10,-0,62,0,25)	R(0,07,-0,25,0,08)
14:35:42.569	L(-0,09,-0,62,0,25)	R(0,07,-0,29,0,08)
14:35:43.587	L(-0,11,-0,62,0,24)	R(-0,07,-0,29,0,22)
14:35:44.616	L(-0,09,-0,62,0,24)	R(0,07,-0,29,0,06)
14:35:45.632	L(-0,09,-0,63,0,23)	R(-0,10,-0,31,0,28)
14:35:46.664	L(-0,09,-0,63,0,23)	R(0,14,-0,26,0,15)
14:35:47.680	L(-0,08,-0,63,0,24)	R(-0,02,-0,25,0,18)
14:35:48.692	L(-0,09,-0,64,0,23)	R(0,15,-0,23,0,13)
14:35:49.693	L(-0,09,-0,64,0,23)	R(0,15,-0,28,0,14)
14:35:50.715	L(-0,10,-0,64,0,24)	R(-0,07,-0,28,0,28)
14:35:51.731	L(-0,10,-0,64,0,24)	R(0,15,-0,27,0,11)
14:35:52.749	L(-0,10,-0,65,0,24)	R(-0,01,-0,25,0,19)
14:35:53.764	L(-0,11,-0,65,0,23)	R(0,13,-0,23,0,09)
14:35:54.795	L(-0,10,-0,65,0,23)	R(0,15,-0,28,0,09)
14:35:55.825	L(-0,11,-0,66,0,24)	R(-0,05,-0,25,0,23)
14:35:56.855	L(-0,09,-0,66,0,24)	R(0,12,-0,28,0,12)
14:35:57.886	L(-0,09,-0,66,0,23)	R(0,09,-0,28,0,12)
14:35:58.916	L(-0,10,-0,66,0,22)	R(0,04,-0,22,0,10)
14:35:59.931	L(-0,09,-0,66,0,22)	R(0,09,-0,29,0,10)
14:36:00.948	L(-0,10,-0,66,0,22)	R(-0,11,-0,30,0,29)
14:36:01.966	L(-0,09,-0,67,0,22)	R(0,10,-0,29,0,07)
14:36:02.981	L(-0,09,-0,67,0,22)	R(-0,01,-0,28,0,15)
14:36:03.997	L(-0,09,-0,67,0,22)	R(0,10,-0,28,0,04)
14:36:05.028	L(-0,09,-0,67,0,22)	R(0,09,-0,30,0,06)
14:36:06.058	L(-0,10,-0,68,0,21)	R(0,05,-0,22,0,21)
14:36:07.074	L(-0,08,-0,68,0,21)	R(0,18,-0,26,0,14)
14:36:08.091	L(-0,10,-0,68,0,21)	R(-0,10,-0,27,0,30)
14:36:09.121	L(-0,10,-0,68,0,21)	R(0,20,-0,25,0,11)
14:36:10.138	L(-0,10,-0,68,0,21)	R(0,18,-0,28,0,12)
14:36:11.168	L(-0,11,-0,69,0,21)	R(-0,02,-0,24,0,21)
14:36:12.196	L(-0,09,-0,69,0,21)	R(0,18,-0,27,0,10)
14:36:13.227	L(-0,09,-0,69,0,21)	R(-0,03,-0,27,0,23)
14:36:14.273	L(-0,10,-0,69,0,20)	R(0,18,-0,25,0,08)
14:36:15.316	L(-0,10,-0,69,0,21)	R(0,17,-0,29,0,08)
14:36:16.348	L(-0,11,-0,69,0,20)	R(0,02,-0,22,0,17)
14:36:17.378	L(-0,08,-0,70,0,20)	R(0,14,-0,28,0,12)
14:36:18.409	L(-0,09,-0,70,0,20)	R(0,10,-0,28,0,14)
14:36:19.424	L(-0,10,-0,70,0,20)	R(0,09,-0,23,0,10)
14:36:20.454	L(-0,09,-0,70,0,20)	R(0,13,-0,28,0,10)
14:36:21.485	L(-0,08,-0,70,0,19)	R(-0,11,-0,29,0,29)
14:36:22.516	L(-0,08,-0,71,0,19)	R(0,13,-0,29,0,07)
14:36:23.546	L(-0,08,-0,71,0,19)	R(0,03,-0,29,0,11)
14:36:24.575	L(-0,09,-0,71,0,19)	R(0,12,-0,27,0,05)
14:36:25.606	L(-0,08,-0,72,0,19)	R(0,13,-0,29,0,05)
14:36:26.650	L(-0,09,-0,72,0,19)	R(-0,11,-0,30,0,33)
14:36:27.694	L(-0,08,-0,72,0,19)	R(0,22,-0,26,0,15)
14:36:28.738	L(-0,08,-0,72,0,19)	R(0,20,-0,26,0,14)
14:36:29.768	L(-0,12,-0,73,0,19)	R(0,05,-0,19,0,16)
14:36:30.813	L(-0,10,-0,72,0,18)	R(0,21,-0,27,0,12)
14:36:31.856	L(-0,09,-0,73,0,18)	R(-0,08,-0,27,0,23)
14:36:32.901	L(-0,09,-0,73,0,17)	R(0,23,-0,24,0,09)
14:36:33.945	L(-0,09,-0,73,0,18)	R(0,16,-0,27,0,10)
14:36:35.003	L(-0,11,-0,73,0,17)	R(0,11,-0,20,0,14)
14:36:36.049	L(-0,09,-0,73,0,18)	R(0,21,-0,28,0,07)
14:36:37.079	L(-0,11,-0,55,0,21)	R(0,44,-0,24,-0,09)
14:36:38.084	L(-0,12,-0,57,0,23)	R(0,49,-0,23,-0,09)
14:36:39.085	L(-0,12,-0,57,0,23)	R(0,55,-0,16,-0,08)
14:36:40.130	L(-0,12,-0,61,0,25)	R(-0,10,-0,19,0,12)
14:36:41.182	L(-0,12,-0,64,0,25)	R(0,05,-0,23,0,06)
14:36:42.206	L(-0,11,-0,64,0,25)	R(0,07,-0,30,0,05)
14:36:43.220	L(-0,11,-0,64,0,25)	R(0,21,-0,30,0,10)
14:36:44.249	L(-0,11,-0,64,0,26)	R(0,19,-0,25,0,08)
14:36:45.292	L(-0,10,-0,64,0,26)	R(0,26,-0,32,0,07)
14:36:46.339	L(-0,10,-0,53,0,20)	R(0,47,-0,25,-0,04)
14:36:47.356	L(-0,11,-0,55,0,22)	R(0,35,-0,23,0,03)
14:36:48.398	L(-0,10,-0,52,0,19)	R(0,08,-0,23,0,07)
14:36:49.445	L(-0,09,-0,48,0,16)	R(0,00,-0,29,0,07)
14:36:50.486	L(-0,09,-0,49,0,16)	R(-0,01,-0,29,0,07)
14:36:51.529	L(-0,10,-0,49,0,17)	R(0,27,-0,32,0,17)
14:36:52.573	L(-0,10,-0,49,0,16)	R(0,04,-0,28,0,07)
14:36:53.619	L(-0,10,-0,49,0,16)	R(0,03,-0,29,0,07)
14:36:54.650	L(-0,10,-0,49,0,16)	R(0,15,-0,24,0,13)
14:36:55.694	L(-0,10,-0,48,0,16)	R(0,09,-0,26,0,07)
14:36:56.726	L(-0,10,-0,48,0,16)	R(0,07,-0,29,0,07)
14:36:57.758	L(-0,10,-0,48,0,16)	R(0,29,-0,28,0,22)
14:36:58.787	L(-0,10,-0,48,0,17)	R(0,12,-0,28,0,07)
14:36:59.831	L(-0,10,-0,48,0,16)	R(0,11,-0,29,0,07)
14:37:00.860	L(-0,10,-0,48,0,17)	R(0,25,-0,32,0,13)
14:37:01.889	L(-0,10,-0,48,0,17)	R(0,15,-0,29,0,07)
14:37:02.935	L(-0,10,-0,48,0,17)	R(0,15,-0,29,0,06)
14:37:03.994	L(-0,11,-0,47,0,16)	R(0,12,-0,30,0,04)
14:37:05.027	L(-0,18,-0,45,0,16)	R(0,08,-0,20,0,08)
14:37:06.068	L(-0,18,-0,44,0,16)	R(0,12,-0,18,0,06)
14:37:07.096	L(-0,15,-0,45,0,17)	R(0,27,-0,27,0,13)
14:37:08.156	L(-0,16,-0,45,0,17)	R(0,02,-0,29,0,11)
14:37:09.199	L(-0,16,-0,45,0,17)	R(0,05,-0,27,0,11)
14:37:10.246	L(-0,15,-0,45,0,17)	R(0,18,-0,24,0,13)
14:37:11.290	L(-0,15,-0,45,0,17)	R(0,06,-0,29,0,11)
14:37:12.333	L(-0,16,-0,45,0,17)	R(0,19,-0,24,0,16)
14:37:13.391	L(-0,15,-0,44,0,17)	R(0,12,-0,24,0,10)
14:37:14.433	L(-0,15,-0,44,0,17)	R(0,11,-0,29,0,11)
14:37:15.494	L(-0,15,-0,44,0,18)	R(0,30,-0,29,0,20)
14:37:16.537	L(-0,15,-0,44,0,18)	R(0,14,-0,28,0,11)
14:37:17.581	L(-0,15,-0,44,0,18)	R(0,15,-0,28,0,10)
14:37:18.614	L(-0,14,-0,45,0,20)	R(0,58,-0,25,-0,02)
14:37:19.630	L(-0,13,-0,44,0,19)	R(0,33,-0,14,0,08)
14:37:20.689	L(-0,12,-0,45,0,21)	R(0,10,-0,26,0,36)
14:37:21.730	L(-0,13,-0,44,0,18)	R(0,08,-0,18,0,16)
14:37:22.776	L(-0,13,-0,44,0,18)	R(0,08,-0,22,0,16)
14:37:23.832	L(-0,13,-0,44,0,18)	R(0,09,-0,20,0,15)
14:37:24.891	L(-0,13,-0,44,0,18)	R(0,09,-0,21,0,15)
14:37:25.935	L(-0,13,-0,44,0,18)	R(0,08,-0,22,0,13)
14:37:26.993	L(-0,13,-0,44,0,18)	R(0,09,-0,20,0,13)
14:37:28.040	L(-0,13,-0,44,0,18)	R(0,09,-0,22,0,13)
14:37:29.083	L(-0,14,-0,44,0,18)	R(0,08,-0,22,0,11)
14:37:30.127	L(-0,14,-0,43,0,17)	R(0,09,-0,21,0,11)
14:37:31.159	L(-0,14,-0,43,0,18)	R(0,09,-0,21,0,11)
14:37:32.187	L(-0,14,-0,43,0,18)	R(0,08,-0,22,0,10)
14:37:33.230	L(-0,14,-0,43,0,17)	R(0,09,-0,20,0,09)
14:37:34.275	L(-0,14,-0,43,0,18)	R(0,09,-0,22,0,09)
14:37:35.333	L(-0,14,-0,43,0,18)	R(0,11,-0,21,0,09)
14:37:36.391	L(-0,14,-0,43,0,17)	R(0,11,-0,21,0,09)
14:37:37.449	L(-0,14,-0,43,0,18)	R(0,11,-0,22,0,10)
14:37:38.494	L(-0,14,-0,43,0,18)	R(0,11,-0,20,0,11)
14:37:39.543	L(-0,14,-0,43,0,18)	R(0,10,-0,22,0,13)
14:37:40.585	L(-0,14,-0,42,0,18)	R(0,10,-0,21,0,14)
14:37:41.617	L(-0,14,-0,42,0,18)	R(0,11,-0,21,0,14)
14:37:42.687	L(-0,14,-0,42,0,18)	R(0,12,-0,22,0,14)
14:37:43.721	L(-0,14,-0,42,0,18)	R(0,12,-0,22,0,12)
14:37:44.801	L(-0,14,-0,42,0,18)	R(0,12,-0,21,0,11)
14:37:45.846	L(-0,14,-0,42,0,18)	R(0,12,-0,22,0,10)
14:37:46.904	L(-0,14,-0,42,0,18)	R(0,13,-0,22,0,08)
14:37:47.962	L(-0,14,-0,41,0,18)	R(0,13,-0,22,0,08)
14:37:49.034	L(-0,13,-0,41,0,18)	R(0,14,-0,23,0,08)
14:37:50.083	L(-0,14,-0,41,0,17)	R(0,13,-0,21,0,09)
14:37:51.149	L(-0,14,-0,41,0,17)	R(0,14,-0,22,0,10)
14:37:52.184	L(-0,14,-0,41,0,18)	R(0,13,-0,22,0,12)
14:37:53.225	L(-0,14,-0,41,0,18)	R(0,13,-0,21,0,13)
14:37:54.273	L(-0,14,-0,41,0,18)	R(0,13,-0,22,0,14)
14:37:55.284	L(-0,14,-0,41,0,18)	R(0,15,-0,22,0,13)
14:37:56.330	L(-0,14,-0,41,0,17)	R(0,15,-0,21,0,12)
14:37:57.329	L(-0,14,-0,40,0,17)	R(0,15,-0,23,0,12)
14:37:58.377	L(-0,14,-0,40,0,17)	R(0,15,-0,22,0,09)
14:37:59.425	L(-0,14,-0,40,0,17)	R(0,14,-0,22,0,09)
14:38:00.484	L(-0,14,-0,40,0,17)	R(0,15,-0,23,0,08)
14:38:01.494	L(-0,14,-0,40,0,17)	R(0,16,-0,21,0,07)
14:38:02.540	L(-0,14,-0,40,0,17)	R(0,16,-0,22,0,07)
14:38:03.602	L(-0,13,-0,40,0,17)	R(0,16,-0,23,0,09)
14:38:04.647	L(-0,14,-0,39,0,17)	R(0,15,-0,22,0,11)
14:38:05.704	L(-0,14,-0,39,0,17)	R(0,16,-0,22,0,11)
14:38:06.744	L(-0,14,-0,39,0,17)	R(0,16,-0,22,0,13)
14:38:07.788	L(-0,14,-0,39,0,17)	R(0,17,-0,21,0,13)
14:38:08.844	L(-0,14,-0,39,0,17)	R(0,18,-0,22,0,13)
14:38:09.905	L(-0,14,-0,39,0,17)	R(0,18,-0,23,0,11)
14:38:10.967	L(-0,14,-0,39,0,17)	R(0,18,-0,22,0,09)
14:38:12.025	L(-0,13,-0,39,0,17)	R(0,17,-0,22,0,08)
14:38:13.079	L(-0,13,-0,39,0,17)	R(0,18,-0,23,0,07)
14:38:14.124	L(-0,12,-0,38,0,17)	R(0,31,-0,28,0,07)
14:38:15.172	L(-0,13,-0,38,0,16)	R(0,15,-0,25,0,03)
14:38:16.242	L(-0,14,-0,38,0,15)	R(0,11,-0,21,0,05)
14:38:17.277	L(-0,14,-0,38,0,16)	R(0,08,-0,32,0,09)
14:38:18.343	L(-0,14,-0,38,0,16)	R(0,07,-0,34,0,08)
14:38:19.377	L(-0,14,-0,38,0,15)	R(0,31,-0,33,0,07)
14:38:20.443	L(-0,14,-0,38,0,16)	R(0,07,-0,18,0,11)
14:38:21.490	L(-0,15,-0,38,0,16)	R(0,03,-0,22,0,15)
14:38:22.522	L(-0,15,-0,38,0,16)	R(0,04,-0,20,0,13)
14:38:23.565	L(-0,15,-0,38,0,16)	R(0,05,-0,22,0,14)
14:38:24.598	L(-0,15,-0,38,0,16)	R(0,05,-0,21,0,11)
14:38:25.640	L(-0,14,-0,38,0,16)	R(0,06,-0,23,0,12)
14:38:26.684	L(-0,14,-0,38,0,16)	R(0,04,-0,23,0,12)
14:38:27.715	L(-0,14,-0,38,0,16)	R(0,05,-0,23,0,10)
14:38:28.759	L(-0,14,-0,38,0,16)	R(0,05,-0,23,0,10)
14:38:29.803	L(-0,14,-0,37,0,16)	R(0,06,-0,23,0,10)
14:38:30.835	L(-0,14,-0,37,0,15)	R(0,05,-0,24,0,09)
14:38:31.879	L(-0,14,-0,37,0,15)	R(0,06,-0,23,0,08)
14:38:32.921	L(-0,14,-0,37,0,15)	R(0,07,-0,22,0,07)
14:38:33.965	L(-0,14,-0,37,0,15)	R(0,08,-0,23,0,07)
14:38:35.010	L(-0,14,-0,37,0,15)	R(0,07,-0,24,0,10)
14:38:36.054	L(-0,14,-0,37,0,15)	R(0,07,-0,23,0,12)
14:38:37.100	L(-0,14,-0,37,0,15)	R(0,07,-0,23,0,12)
14:38:38.144	L(-0,14,-0,36,0,16)	R(0,07,-0,24,0,14)
14:38:39.186	L(-0,14,-0,36,0,15)	R(0,09,-0,24,0,14)
14:38:40.232	L(-0,12,-0,54,0,18)	R(0,08,-0,23,0,12)
14:38:41.264	L(-0,14,-0,53,0,18)	R(0,09,-0,24,0,11)
14:38:42.309	L(-0,13,-0,53,0,18)	R(0,09,-0,24,0,10)
14:38:43.351	L(-0,13,-0,53,0,19)	R(0,09,-0,24,0,07)
14:38:44.420	L(-0,13,-0,53,0,19)	R(0,10,-0,23,0,07)
14:38:45.465	L(-0,13,-0,53,0,19)	R(0,11,-0,24,0,07)
14:38:46.524	L(-0,13,-0,53,0,19)	R(0,11,-0,24,0,10)
14:38:47.572	L(-0,13,-0,53,0,19)	R(0,10,-0,24,0,11)
14:38:48.627	L(-0,13,-0,53,0,19)	R(0,10,-0,23,0,13)
14:38:49.699	L(-0,13,-0,53,0,19)	R(0,11,-0,23,0,12)
14:38:50.744	L(-0,13,-0,53,0,19)	R(0,12,-0,23,0,13)
14:38:51.814	L(-0,13,-0,52,0,19)	R(0,12,-0,24,0,11)
14:38:52.859	L(-0,13,-0,52,0,19)	R(0,12,-0,24,0,09)
14:38:53.919	L(-0,13,-0,52,0,19)	R(0,12,-0,23,0,07)
14:38:54.976	L(-0,13,-0,52,0,19)	R(0,12,-0,24,0,07)
14:38:56.034	L(-0,13,-0,52,0,19)	R(0,14,-0,24,0,07)
14:38:57.092	L(-0,13,-0,52,0,19)	R(0,13,-0,24,0,09)
14:38:58.151	L(-0,13,-0,52,0,19)	R(0,13,-0,23,0,09)
14:38:59.196	L(-0,13,-0,52,0,19)	R(0,13,-0,23,0,11)
14:39:00.252	L(-0,12,-0,52,0,19)	R(0,13,-0,24,0,13)
14:39:01.299	L(-0,12,-0,51,0,19)	R(0,15,-0,23,0,12)
14:39:02.367	L(-0,12,-0,51,0,19)	R(0,14,-0,23,0,11)
14:39:03.403	L(-0,12,-0,51,0,19)	R(0,15,-0,24,0,11)
14:39:04.448	L(-0,12,-0,51,0,19)	R(0,15,-0,24,0,09)
14:39:05.492	L(-0,12,-0,51,0,19)	R(0,15,-0,23,0,08)
14:39:06.546	L(-0,12,-0,51,0,19)	R(0,15,-0,24,0,07)
14:39:07.617	L(-0,12,-0,51,0,19)	R(0,17,-0,24,0,06)
14:39:08.651	L(-0,12,-0,50,0,19)	R(0,16,-0,24,0,08)
14:39:09.705	L(-0,12,-0,50,0,19)	R(0,16,-0,23,0,09)
14:39:10.752	L(-0,12,-0,50,0,19)	R(0,16,-0,24,0,11)
14:39:11.796	L(-0,12,-0,50,0,19)	R(0,16,-0,23,0,12)
14:39:12.852	L(-0,12,-0,50,0,19)	R(0,16,-0,23,0,12)
14:39:13.898	L(-0,12,-0,50,0,19)	R(0,18,-0,23,0,12)
14:39:14.946	L(-0,12,-0,50,0,19)	R(0,18,-0,24,0,11)
14:39:16.002	L(-0,12,-0,50,0,19)	R(0,18,-0,23,0,09)
14:39:17.047	L(-0,12,-0,49,0,19)	R(0,18,-0,23,0,09)
14:39:18.103	L(-0,12,-0,49,0,19)	R(0,18,-0,24,0,06)
14:39:19.173	L(-0,12,-0,49,0,19)	R(0,27,-0,28,0,08)
14:39:20.207	L(-0,11,-0,49,0,17)	R(0,16,-0,23,0,03)
14:39:21.274	L(-0,11,-0,49,0,17)	R(0,15,-0,26,0,01)
14:39:22.339	L(-0,11,-0,49,0,17)	R(0,15,-0,26,0,01)
