18:37:37.365	L(-0,10,-0,44,0,23)	R(0,09,-0,57,0,25)
18:37:38.396	L(-0,09,-0,32,0,14)	R(0,09,-0,57,0,24)
18:37:39.431	L(-0,14,-0,28,0,25)	R(0,09,-0,57,0,25)
18:37:40.480	L(-0,12,-0,28,0,31)	R(0,09,-0,57,0,25)
18:37:41.489	L(-0,31,-0,24,0,37)	R(0,09,-0,57,0,25)
18:37:42.509	L(-0,32,-0,28,0,43)	R(0,09,-0,57,0,24)
18:37:43.524	L(-0,17,-0,29,0,28)	R(0,09,-0,57,0,24)
18:37:44.539	L(-0,12,-0,28,0,28)	R(0,09,-0,57,0,25)
18:37:45.555	L(-0,34,-0,26,0,41)	R(0,08,-0,57,0,25)
18:37:46.571	L(-0,15,-0,27,0,27)	R(0,09,-0,57,0,24)
18:37:47.586	L(-0,12,-0,29,0,27)	R(0,09,-0,57,0,24)
18:37:48.604	L(-0,34,-0,27,0,43)	R(0,09,-0,57,0,24)
18:37:49.621	L(0,00,-0,22,0,24)	R(0,09,-0,57,0,24)
18:37:50.635	L(-0,02,-0,29,0,25)	R(0,08,-0,57,0,24)
18:37:51.651	L(-0,02,-0,29,0,25)	R(0,08,-0,57,0,24)
18:37:52.669	L(-0,33,-0,29,0,44)	R(0,08,-0,57,0,25)
18:37:53.685	L(-0,02,-0,26,0,26)	R(0,09,-0,57,0,25)
18:37:54.702	L(-0,01,-0,27,0,25)	R(0,08,-0,57,0,25)
18:37:55.718	L(-0,06,-0,27,0,29)	R(0,08,-0,57,0,25)
18:37:56.733	L(-0,30,-0,24,0,36)	R(0,08,-0,57,0,25)
18:37:57.750	L(-0,17,-0,24,0,28)	R(0,08,-0,57,0,24)
18:37:58.767	L(-0,11,-0,29,0,22)	R(0,08,-0,57,0,25)
18:37:59.782	L(-0,35,-0,28,0,43)	R(0,08,-0,57,0,25)
18:38:00.800	L(0,02,-0,22,0,25)	R(0,08,-0,57,0,25)
18:38:01.818	L(0,10,-0,27,0,29)	R(0,08,-0,57,0,24)
18:38:02.833	L(0,10,-0,28,0,28)	R(0,08,-0,57,0,24)
18:38:03.848	L(-0,26,-0,26,0,40)	R(0,08,-0,57,0,24)
18:38:04.866	L(0,00,-0,26,0,26)	R(0,08,-0,57,0,24)
18:38:05.881	L(0,05,-0,29,0,31)	R(0,08,-0,57,0,25)
18:38:06.897	L(-0,32,-0,27,0,41)	R(0,08,-0,57,0,24)
18:38:07.914	L(-0,12,-0,19,0,27)	R(0,08,-0,57,0,24)
18:38:08.931	L(0,05,-0,26,0,27)	R(0,08,-0,57,0,25)
18:38:09.946	L(0,06,-0,26,0,26)	R(0,08,-0,57,0,24)
18:38:10.964	L(-0,34,-0,29,0,41)	R(0,08,-0,57,0,24)
18:38:11.978	L(-0,33,-0,28,0,47)	R(0,08,-0,57,0,24)
18:38:12.993	L(-0,03,-0,23,0,29)	R(0,08,-0,57,0,24)
18:38:14.011	L(0,00,-0,27,0,32)	R(0,08,-0,57,0,24)
18:38:15.029	L(-0,30,-0,27,0,40)	R(0,08,-0,57,0,25)
18:38:16.045	L(-0,25,-0,24,0,33)	R(0,08,-0,57,0,24)
18:38:17.059	L(-0,01,-0,25,0,27)	R(0,08,-0,57,0,24)
18:38:18.077	L(0,00,-0,27,0,26)	R(0,08,-0,57,0,24)
18:38:19.094	L(-0,35,-0,28,0,46)	R(0,08,-0,57,0,25)
18:38:20.110	L(-0,03,-0,26,0,28)	R(0,08,-0,57,0,24)
18:38:21.127	L(-0,03,-0,27,0,30)	R(0,08,-0,57,0,24)
18:38:22.141	L(-0,29,-0,26,0,38)	R(0,08,-0,58,0,24)
18:38:23.158	L(-0,04,-0,21,0,23)	R(0,08,-0,57,0,24)
18:38:24.175	L(0,03,-0,27,0,26)	R(0,08,-0,57,0,24)
18:38:25.190	L(-0,13,-0,23,0,26)	R(0,08,-0,57,0,24)
18:38:26.205	L(-0,24,-0,25,0,32)	R(0,08,-0,57,0,24)
18:38:27.223	L(-0,04,-0,27,0,24)	R(0,08,-0,57,0,24)
18:38:28.239	L(-0,16,-0,25,0,28)	R(0,08,-0,57,0,24)
18:38:29.256	L(-0,17,-0,22,0,27)	R(0,08,-0,57,0,24)
18:38:30.270	L(-0,05,-0,27,0,20)	R(0,08,-0,57,0,24)
18:38:31.288	L(-0,04,-0,27,0,21)	R(0,08,-0,57,0,24)
18:38:32.305	L(-0,06,-0,24,0,19)	R(0,08,-0,57,0,24)
18:38:33.320	L(-0,24,-0,27,0,32)	R(0,08,-0,57,0,24)
18:38:34.338	L(-0,05,-0,27,0,20)	R(0,08,-0,57,0,24)
18:38:35.354	L(-0,10,-0,23,0,20)	R(0,08,-0,58,0,24)
18:38:36.370	L(-0,28,-0,27,0,36)	R(0,08,-0,58,0,24)
18:38:37.387	L(-0,07,-0,27,0,28)	R(0,08,-0,57,0,24)
18:38:38.405	L(-0,12,-0,26,0,26)	R(0,08,-0,57,0,24)
18:38:39.419	L(-0,22,-0,25,0,31)	R(0,08,-0,58,0,24)
18:38:40.437	L(-0,08,-0,26,0,26)	R(0,08,-0,58,0,24)
18:38:41.453	L(-0,21,-0,24,0,29)	R(0,04,-0,57,0,19)
18:38:42.468	L(-0,28,-0,27,0,37)	R(0,05,-0,56,0,24)
18:38:43.484	L(-0,30,-0,29,0,39)	R(0,05,-0,56,0,20)
18:38:44.503	L(-0,11,-0,27,0,23)	R(0,05,-0,56,0,21)
18:38:45.516	L(-0,07,-0,26,0,22)	R(0,05,-0,56,0,21)
18:38:46.531	L(-0,07,-0,26,0,22)	R(0,05,-0,56,0,21)
18:38:47.551	L(-0,30,-0,24,0,36)	R(0,05,-0,56,0,21)
18:38:48.568	L(-0,30,-0,27,0,40)	R(0,05,-0,56,0,21)
18:38:49.584	L(-0,12,-0,23,0,29)	R(0,06,-0,57,0,22)
18:38:50.601	L(0,00,-0,25,0,24)	R(0,05,-0,56,0,21)
18:38:51.616	L(0,00,-0,26,0,24)	R(0,05,-0,56,0,21)
18:38:52.633	L(-0,34,-0,28,0,46)	R(0,04,-0,56,0,18)
18:38:53.648	L(-0,02,-0,23,0,20)	R(0,04,-0,56,0,21)
18:38:54.681	L(0,00,-0,28,0,23)	R(0,03,-0,57,0,21)
18:38:55.696	L(-0,11,-0,23,0,22)	R(0,03,-0,58,0,20)
18:38:56.712	L(-0,22,-0,25,0,28)	R(0,03,-0,58,0,20)
18:38:57.740	L(-0,01,-0,28,0,20)	R(0,03,-0,58,0,20)
18:38:58.773	L(-0,03,-0,26,0,18)	R(0,03,-0,58,0,20)
18:38:59.790	L(-0,28,-0,29,0,37)	R(0,03,-0,58,0,20)
18:39:00.804	L(-0,03,-0,27,0,30)	R(0,03,-0,58,0,20)
18:39:01.822	L(-0,04,-0,27,0,28)	R(0,03,-0,58,0,20)
18:39:02.838	L(-0,30,-0,29,0,38)	R(0,03,-0,58,0,20)
18:39:03.855	L(-0,03,-0,28,0,24)	R(0,03,-0,58,0,20)
18:39:04.871	L(-0,04,-0,27,0,23)	R(0,03,-0,58,0,20)
18:39:05.888	L(-0,27,-0,28,0,37)	R(0,03,-0,58,0,20)
18:39:06.904	L(-0,03,-0,28,0,22)	R(0,03,-0,58,0,20)
18:39:07.920	L(-0,13,-0,22,0,27)	R(0,03,-0,58,0,20)
18:39:08.950	L(-0,07,-0,19,0,24)	R(0,03,-0,58,0,20)
18:39:09.966	L(0,04,-0,27,0,24)	R(0,03,-0,58,0,20)
18:39:10.983	L(-0,19,-0,29,0,32)	R(0,03,-0,58,0,20)
18:39:12.000	L(-0,05,-0,26,0,26)	R(0,03,-0,58,0,20)
18:39:13.030	L(0,04,-0,27,0,22)	R(0,03,-0,58,0,20)
18:39:14.057	L(-0,06,-0,24,0,23)	R(0,03,-0,58,0,20)
18:39:15.077	L(-0,15,-0,23,0,27)	R(0,03,-0,58,0,20)
18:39:16.104	L(0,03,-0,27,0,20)	R(0,03,-0,59,0,21)
18:39:17.123	L(-0,10,-0,25,0,23)	R(0,03,-0,59,0,21)
18:39:18.140	L(-0,16,-0,23,0,30)	R(0,03,-0,58,0,20)
18:39:19.154	L(0,02,-0,27,0,28)	R(0,03,-0,58,0,20)
18:39:20.172	L(-0,18,-0,21,0,30)	R(0,03,-0,58,0,20)
18:39:21.202	L(-0,08,-0,23,0,24)	R(0,03,-0,58,0,20)
18:39:22.248	L(0,00,-0,25,0,25)	R(0,03,-0,58,0,20)
18:39:23.251	L(0,02,-0,35,0,26)	R(0,03,-0,58,0,20)
18:39:24.263	L(0,02,-0,35,0,24)	R(0,03,-0,58,0,20)
18:39:25.282	L(0,02,-0,35,0,24)	R(0,03,-0,58,0,20)
18:39:26.297	L(0,05,-0,29,0,24)	R(0,03,-0,58,0,20)
18:39:27.314	L(-0,03,-0,30,0,26)	R(0,03,-0,58,0,20)
18:39:28.328	L(0,00,-0,29,0,25)	R(0,03,-0,58,0,20)
18:39:29.344	L(-0,03,-0,25,0,24)	R(0,03,-0,58,0,20)
18:39:30.360	L(-0,02,-0,26,0,29)	R(0,03,-0,58,0,20)
18:39:31.403	L(-0,02,-0,28,0,28)	R(0,03,-0,58,0,20)
18:39:32.426	L(-0,35,-0,27,0,43)	R(0,03,-0,58,0,20)
18:39:33.451	L(-0,03,-0,27,0,25)	R(0,03,-0,58,0,20)
18:39:34.469	L(-0,04,-0,28,0,28)	R(0,03,-0,58,0,20)
18:39:35.500	L(-0,32,-0,26,0,38)	R(0,03,-0,58,0,20)
18:39:36.517	L(-0,33,-0,27,0,46)	R(0,03,-0,58,0,20)
18:39:37.530	L(0,06,-0,25,0,26)	R(0,03,-0,58,0,20)
18:39:38.550	L(0,08,-0,30,0,29)	R(0,03,-0,60,0,21)
18:39:39.588	L(0,07,-0,29,0,23)	R(0,03,-0,60,0,21)
18:39:40.611	L(-0,27,-0,29,0,38)	R(0,03,-0,58,0,20)
18:39:41.637	L(0,03,-0,26,0,26)	R(0,03,-0,58,0,20)
18:39:42.672	L(0,04,-0,28,0,26)	R(0,03,-0,58,0,21)
18:39:43.698	L(-0,32,-0,29,0,43)	R(0,03,-0,58,0,20)
18:39:44.732	L(0,01,-0,27,0,24)	R(0,03,-0,58,0,20)
18:39:45.786	L(0,03,-0,28,0,25)	R(0,03,-0,58,0,20)
18:39:46.832	L(-0,14,-0,23,0,27)	R(0,03,-0,58,0,20)
18:39:47.861	L(-0,18,-0,19,0,32)	R(0,03,-0,58,0,20)
18:39:48.903	L(-0,01,-0,26,0,34)	R(0,03,-0,58,0,20)
18:39:49.937	L(-0,01,-0,27,0,34)	R(0,03,-0,58,0,20)
18:39:50.980	L(-0,32,-0,27,0,43)	R(0,03,-0,58,0,20)
18:39:52.011	L(0,01,-0,25,0,31)	R(0,03,-0,58,0,21)
18:39:53.068	L(0,00,-0,27,0,31)	R(0,03,-0,58,0,21)
18:39:54.112	L(-0,33,-0,28,0,43)	R(0,03,-0,58,0,20)
18:39:55.130	L(0,00,-0,27,0,29)	R(0,03,-0,58,0,20)
18:39:56.161	L(-0,03,-0,27,0,27)	R(0,03,-0,58,0,20)
18:39:57.192	L(-0,21,-0,29,0,34)	R(0,03,-0,58,0,20)
18:39:58.209	L(0,14,-0,30,0,27)	R(0,03,-0,59,0,21)
18:39:59.223	L(0,14,-0,30,0,30)	R(0,03,-0,58,0,21)
18:40:00.239	L(-0,12,-0,29,0,25)	R(0,03,-0,58,0,20)
18:40:01.285	L(-0,14,-0,24,0,31)	R(0,03,-0,58,0,20)
18:40:02.315	L(0,10,-0,28,0,27)	R(0,03,-0,60,0,21)
18:40:03.347	L(-0,11,-0,26,0,29)	R(0,03,-0,58,0,20)
18:40:04.415	L(0,04,-0,29,0,23)	R(0,03,-0,58,0,20)
18:40:05.446	L(0,06,-0,28,0,25)	R(0,03,-0,59,0,21)
18:40:06.505	L(0,02,-0,33,0,21)	R(0,03,-0,58,0,21)
18:40:07.565	L(-0,03,-0,25,0,24)	R(0,03,-0,58,0,20)
18:40:08.608	L(-0,02,-0,28,0,25)	R(0,03,-0,58,0,20)
18:40:09.667	L(0,02,-0,34,0,21)	R(0,03,-0,58,0,20)
18:40:10.718	L(-0,09,-0,31,0,23)	R(0,03,-0,58,0,20)
18:40:11.768	L(0,01,-0,26,0,21)	R(0,03,-0,58,0,20)
18:40:12.856	L(0,02,-0,30,0,21)	R(0,03,-0,58,0,20)
18:40:13.870	L(0,17,-0,31,0,22)	R(0,03,-0,58,0,21)
18:40:14.927	L(-0,07,-0,28,0,23)	R(0,03,-0,58,0,21)
18:40:15.959	L(-0,07,-0,28,0,22)	R(0,03,-0,58,0,20)
18:40:17.013	L(-0,02,-0,26,0,22)	R(0,03,-0,58,0,20)
18:40:18.058	L(-0,06,-0,27,0,22)	R(0,03,-0,58,0,21)
18:40:19.106	L(-0,07,-0,28,0,22)	R(0,03,-0,58,0,20)
18:40:20.150	L(0,35,-0,28,0,42)	R(0,02,-0,60,0,21)
18:40:21.194	L(0,04,-0,27,0,22)	R(0,03,-0,58,0,21)
18:40:22.211	L(-0,04,-0,28,0,22)	R(0,03,-0,58,0,20)
18:40:23.254	L(-0,03,-0,28,0,22)	R(0,03,-0,58,0,20)
18:40:24.283	L(0,24,-0,28,0,28)	R(0,03,-0,58,0,21)
18:40:25.311	L(0,17,-0,27,0,24)	R(0,01,-0,62,0,21)
18:40:26.345	L(0,00,-0,29,0,23)	R(0,03,-0,57,0,20)
18:40:27.376	L(0,02,-0,29,0,23)	R(0,03,-0,58,0,20)
18:40:28.417	L(0,16,-0,30,0,22)	R(0,03,-0,58,0,20)
18:40:29.447	L(0,21,-0,29,0,27)	R(0,02,-0,59,0,21)
18:40:30.479	L(0,05,-0,29,0,22)	R(0,03,-0,58,0,21)
18:40:31.519	L(0,05,-0,29,0,23)	R(0,03,-0,58,0,20)
18:40:32.552	L(0,33,-0,29,0,43)	R(0,02,-0,60,0,21)
18:40:33.586	L(0,07,-0,29,0,23)	R(0,03,-0,59,0,21)
18:40:34.615	L(0,09,-0,29,0,22)	R(0,03,-0,59,0,21)
18:40:35.671	L(0,09,-0,29,0,22)	R(0,03,-0,59,0,21)
18:40:36.689	L(0,09,-0,29,0,23)	R(0,03,-0,59,0,21)
18:40:37.717	L(0,09,-0,29,0,22)	R(0,03,-0,59,0,21)
18:40:38.775	L(0,10,-0,29,0,22)	R(0,03,-0,59,0,21)
18:40:39.793	L(0,19,-0,32,0,43)	R(0,04,-0,59,0,21)
18:40:40.838	L(-0,04,-0,18,0,23)	R(0,03,-0,57,0,20)
18:40:41.855	L(-0,11,-0,22,0,23)	R(0,03,-0,58,0,20)
18:40:42.869	L(-0,10,-0,23,0,24)	R(0,03,-0,58,0,21)
18:40:43.887	L(-0,09,-0,23,0,24)	R(0,03,-0,58,0,21)
18:40:44.904	L(-0,08,-0,24,0,24)	R(0,03,-0,58,0,21)
18:40:45.935	L(-0,10,-0,23,0,22)	R(0,03,-0,58,0,21)
18:40:46.966	L(-0,10,-0,23,0,23)	R(0,03,-0,58,0,21)
18:40:47.995	L(-0,11,-0,23,0,20)	R(0,03,-0,58,0,21)
18:40:49.011	L(-0,11,-0,23,0,20)	R(0,03,-0,58,0,21)
18:40:50.041	L(-0,11,-0,23,0,18)	R(0,03,-0,58,0,21)
18:40:51.071	L(-0,11,-0,24,0,19)	R(0,03,-0,58,0,21)
18:40:52.115	L(-0,09,-0,24,0,18)	R(0,03,-0,58,0,21)
18:40:53.156	L(-0,09,-0,23,0,20)	R(0,03,-0,58,0,21)
18:40:54.159	L(-0,09,-0,24,0,21)	R(0,03,-0,58,0,21)
18:40:55.193	L(-0,06,-0,23,0,25)	R(0,03,-0,58,0,21)
18:40:56.222	L(-0,07,-0,24,0,24)	R(0,03,-0,58,0,21)
18:40:57.264	L(-0,05,-0,23,0,24)	R(0,03,-0,58,0,21)
18:40:58.284	L(-0,05,-0,23,0,24)	R(0,03,-0,58,0,21)
18:40:59.299	L(-0,05,-0,23,0,23)	R(0,03,-0,58,0,21)
18:41:00.328	L(-0,06,-0,24,0,23)	R(0,03,-0,58,0,21)
18:41:01.370	L(-0,07,-0,24,0,23)	R(0,03,-0,58,0,21)
18:41:02.417	L(-0,07,-0,23,0,22)	R(0,03,-0,58,0,21)
18:41:03.462	L(-0,07,-0,24,0,21)	R(0,03,-0,58,0,21)
18:41:04.489	L(-0,07,-0,24,0,20)	R(0,03,-0,58,0,21)
18:41:05.509	L(-0,05,-0,24,0,20)	R(0,03,-0,58,0,21)
18:41:06.538	L(-0,07,-0,23,0,18)	R(0,03,-0,58,0,21)
18:41:07.569	L(-0,07,-0,24,0,19)	R(0,03,-0,58,0,21)
18:41:08.614	L(-0,06,-0,24,0,18)	R(0,03,-0,58,0,21)
18:41:09.627	L(-0,04,-0,23,0,18)	R(0,03,-0,58,0,21)
18:41:10.660	L(-0,03,-0,25,0,19)	R(0,03,-0,58,0,21)
18:41:11.672	L(-0,02,-0,23,0,20)	R(0,03,-0,58,0,21)
18:41:12.720	L(-0,03,-0,24,0,21)	R(0,03,-0,58,0,21)
18:41:13.738	L(-0,02,-0,24,0,23)	R(0,03,-0,58,0,21)
18:41:14.754	L(-0,02,-0,22,0,24)	R(0,03,-0,58,0,21)
18:41:15.770	L(-0,02,-0,24,0,25)	R(0,03,-0,58,0,21)
18:41:16.787	L(-0,01,-0,22,0,23)	R(0,03,-0,58,0,21)
18:41:17.831	L(-0,02,-0,24,0,24)	R(0,03,-0,58,0,21)
18:41:18.857	L(-0,03,-0,24,0,22)	R(0,03,-0,58,0,21)
18:41:19.902	L(-0,03,-0,24,0,21)	R(0,03,-0,58,0,21)
18:41:20.920	L(-0,03,-0,25,0,21)	R(0,03,-0,58,0,21)
18:41:21.951	L(-0,04,-0,24,0,19)	R(0,03,-0,58,0,21)
18:41:23.004	L(-0,04,-0,24,0,19)	R(0,03,-0,58,0,21)
18:41:24.021	L(-0,01,-0,24,0,19)	R(0,03,-0,58,0,21)
18:41:25.040	L(-0,01,-0,23,0,20)	R(0,03,-0,58,0,21)
18:41:26.058	L(-0,01,-0,24,0,21)	R(0,03,-0,58,0,21)
18:41:27.074	L(0,00,-0,24,0,23)	R(0,03,-0,58,0,21)
18:41:28.090	L(0,00,-0,24,0,23)	R(0,03,-0,58,0,21)
18:41:29.106	L(0,00,-0,24,0,25)	R(0,03,-0,58,0,21)
18:41:30.132	L(0,02,-0,23,0,25)	R(0,03,-0,58,0,21)
18:41:31.166	L(0,02,-0,24,0,25)	R(0,03,-0,58,0,21)
18:41:32.181	L(0,02,-0,24,0,23)	R(0,03,-0,58,0,21)
18:41:33.225	L(0,01,-0,24,0,22)	R(0,03,-0,58,0,21)
18:41:34.258	L(0,01,-0,24,0,20)	R(0,03,-0,58,0,21)
18:41:35.287	L(0,01,-0,25,0,19)	R(0,03,-0,58,0,21)
18:41:36.306	L(0,03,-0,25,0,20)	R(0,03,-0,58,0,21)
18:41:37.335	L(0,03,-0,24,0,21)	R(0,03,-0,58,0,21)
18:41:38.376	L(0,03,-0,23,0,22)	R(0,03,-0,58,0,21)
18:41:39.395	L(0,03,-0,24,0,24)	R(0,03,-0,58,0,21)
18:41:40.440	L(0,04,-0,24,0,26)	R(0,03,-0,58,0,21)
18:41:41.485	L(0,05,-0,23,0,25)	R(0,03,-0,58,0,21)
18:41:42.528	L(0,06,-0,24,0,25)	R(0,03,-0,58,0,21)
18:41:43.558	L(0,05,-0,24,0,23)	R(0,03,-0,58,0,21)
18:41:44.600	L(0,04,-0,24,0,21)	R(0,03,-0,58,0,21)
18:41:45.634	L(0,05,-0,25,0,22)	R(0,03,-0,58,0,21)
18:41:46.664	L(0,05,-0,25,0,20)	R(0,03,-0,58,0,21)
18:41:47.679	L(0,11,-0,24,0,24)	R(0,03,-0,58,0,21)
18:41:48.719	L(0,15,-0,35,0,20)	R(0,01,-0,62,0,22)
18:41:49.778	L(0,00,-0,32,0,17)	R(0,03,-0,59,0,21)
18:41:50.829	L(0,00,-0,23,0,23)	R(0,03,-0,58,0,20)
18:41:51.884	L(0,02,-0,23,0,25)	R(0,03,-0,58,0,21)
18:41:52.927	L(0,02,-0,22,0,22)	R(0,03,-0,58,0,21)
18:41:53.974	L(0,30,-0,25,0,43)	R(0,03,-0,58,0,21)
18:41:55.013	L(-0,03,-0,27,0,24)	R(0,03,-0,58,0,20)
18:41:56.047	L(-0,05,-0,29,0,26)	R(0,03,-0,58,0,21)
18:41:57.091	L(-0,05,-0,29,0,26)	R(0,03,-0,58,0,21)
18:41:58.119	L(0,24,-0,28,0,32)	R(0,03,-0,60,0,21)
18:41:59.166	L(0,21,-0,24,0,33)	R(0,03,-0,59,0,21)
18:42:00.224	L(-0,01,-0,28,0,25)	R(0,03,-0,58,0,21)
18:42:01.255	L(-0,01,-0,29,0,27)	R(0,03,-0,58,0,21)
18:42:02.284	L(0,21,-0,27,0,32)	R(0,03,-0,59,0,21)
18:42:03.328	L(0,21,-0,26,0,31)	R(0,03,-0,59,0,21)
18:42:04.369	L(0,24,-0,31,0,24)	R(0,02,-0,61,0,21)
18:42:05.427	L(0,25,-0,31,0,38)	R(0,03,-0,58,0,21)
18:42:06.460	L(0,04,-0,28,0,26)	R(0,03,-0,59,0,21)
18:42:07.477	L(0,03,-0,28,0,27)	R(0,03,-0,58,0,21)
18:42:08.492	L(0,03,-0,28,0,26)	R(0,03,-0,58,0,21)
18:42:09.536	L(0,32,-0,28,0,42)	R(0,03,-0,59,0,21)
18:42:10.591	L(0,13,-0,26,0,28)	R(0,03,-0,59,0,21)
18:42:11.609	L(0,07,-0,28,0,26)	R(0,03,-0,59,0,21)
18:42:12.641	L(0,07,-0,28,0,26)	R(0,03,-0,59,0,21)
18:42:13.686	L(0,19,-0,29,0,20)	R(0,03,-0,58,0,21)
18:42:14.731	L(-0,11,-0,22,0,28)	R(0,03,-0,58,0,21)
18:42:15.774	L(-0,10,-0,23,0,29)	R(0,03,-0,58,0,20)
18:42:16.818	L(-0,08,-0,24,0,29)	R(0,03,-0,58,0,21)
18:42:17.862	L(-0,09,-0,23,0,26)	R(0,03,-0,58,0,21)
18:42:18.908	L(-0,10,-0,23,0,27)	R(0,03,-0,58,0,21)
18:42:19.974	L(-0,10,-0,23,0,27)	R(0,03,-0,58,0,21)
18:42:21.021	L(-0,11,-0,23,0,25)	R(0,03,-0,58,0,21)
18:42:22.053	L(-0,10,-0,22,0,24)	R(0,03,-0,58,0,21)
18:42:23.097	L(-0,10,-0,22,0,23)	R(0,03,-0,58,0,21)
18:42:24.155	L(-0,09,-0,23,0,23)	R(0,03,-0,58,0,21)
18:42:25.213	L(-0,09,-0,24,0,26)	R(0,03,-0,58,0,21)
18:42:26.272	L(-0,09,-0,23,0,25)	R(0,03,-0,58,0,21)
18:42:27.330	L(-0,07,-0,24,0,24)	R(0,03,-0,58,0,21)
18:42:28.389	L(-0,07,-0,24,0,24)	R(0,03,-0,58,0,21)
18:42:29.389	L(-0,07,-0,25,0,26)	R(0,03,-0,58,0,21)
18:42:30.418	L(-0,07,-0,24,0,27)	R(0,03,-0,58,0,21)
18:42:31.453	L(-0,06,-0,23,0,28)	R(0,03,-0,58,0,21)
18:42:32.493	L(-0,06,-0,24,0,29)	R(0,03,-0,58,0,21)
18:42:33.526	L(-0,05,-0,23,0,29)	R(0,03,-0,58,0,21)
18:42:34.543	L(-0,05,-0,22,0,28)	R(0,03,-0,58,0,21)
18:42:35.574	L(-0,05,-0,24,0,27)	R(0,03,-0,58,0,21)
18:42:36.589	L(-0,05,-0,24,0,25)	R(0,03,-0,58,0,21)
18:42:37.632	L(-0,05,-0,24,0,25)	R(0,03,-0,58,0,21)
18:42:38.691	L(-0,05,-0,24,0,24)	R(0,03,-0,58,0,21)
18:42:39.736	L(-0,03,-0,25,0,23)	R(0,03,-0,58,0,21)
18:42:40.765	L(-0,03,-0,25,0,26)	R(0,03,-0,58,0,21)
18:42:41.795	L(-0,03,-0,25,0,28)	R(0,03,-0,58,0,21)
18:42:42.841	L(-0,03,-0,24,0,29)	R(0,03,-0,58,0,21)
18:42:43.885	L(-0,03,-0,25,0,30)	R(0,03,-0,58,0,21)
18:42:44.911	L(-0,01,-0,25,0,29)	R(0,03,-0,58,0,21)
18:42:45.931	L(-0,01,-0,24,0,28)	R(0,03,-0,58,0,21)
18:42:46.961	L(-0,02,-0,25,0,27)	R(0,03,-0,58,0,21)
18:42:47.977	L(-0,01,-0,25,0,26)	R(0,03,-0,58,0,21)
18:42:49.033	L(-0,01,-0,25,0,24)	R(0,03,-0,58,0,21)
18:42:50.063	L(-0,01,-0,24,0,24)	R(0,03,-0,58,0,21)
18:42:51.110	L(0,00,-0,25,0,24)	R(0,03,-0,58,0,21)
18:42:52.155	L(0,00,-0,25,0,26)	R(0,03,-0,58,0,21)
18:42:53.183	L(0,01,-0,24,0,28)	R(0,03,-0,58,0,21)
18:42:54.198	L(0,01,-0,24,0,28)	R(0,03,-0,58,0,21)
18:42:55.232	L(0,01,-0,24,0,30)	R(0,03,-0,58,0,21)
18:42:56.260	L(0,03,-0,24,0,30)	R(0,03,-0,58,0,21)
18:42:57.316	L(0,02,-0,24,0,29)	R(0,03,-0,58,0,21)
18:42:58.361	L(0,02,-0,25,0,28)	R(0,03,-0,58,0,21)
18:42:59.391	L(0,02,-0,25,0,26)	R(0,03,-0,58,0,21)
18:43:00.434	L(0,02,-0,25,0,25)	R(0,03,-0,58,0,21)
18:43:01.481	L(0,02,-0,26,0,24)	R(0,03,-0,58,0,21)
18:43:02.526	L(0,21,-0,33,0,28)	R(0,03,-0,58,0,20)
18:43:03.569	L(0,00,-0,30,0,18)	R(0,03,-0,58,0,21)
18:43:04.632	L(0,03,-0,31,0,21)	R(0,03,-0,58,0,21)
18:43:05.685	L(0,05,-0,34,0,24)	R(0,03,-0,58,0,21)
18:43:06.725	L(-0,02,-0,43,0,18)	R(0,02,-0,61,0,22)
18:43:07.772	L(-0,07,-0,55,0,25)	R(0,04,-0,56,0,25)
18:43:08.825	L(-0,07,-0,55,0,25)	R(0,05,-0,56,0,26)
18:43:09.848	L(-0,07,-0,55,0,25)	R(0,06,-0,56,0,26)
