17:54:57.910	L(-0,13,-0,38,0,08)	R(0,11,-0,32,0,13)
17:54:58.914	L(-0,10,-0,39,0,08)	R(0,13,-0,16,0,21)
17:54:59.920	L(-0,16,-0,43,0,03)	R(-0,04,-0,16,0,34)
17:55:00.920	L(-0,13,-0,43,0,04)	R(0,03,-0,12,0,34)
17:55:01.937	L(-0,10,-0,43,0,05)	R(0,22,-0,11,0,36)
17:55:02.966	L(-0,09,-0,44,0,05)	R(0,22,-0,18,0,36)
17:55:03.992	L(-0,17,-0,45,0,02)	R(-0,05,-0,18,0,46)
17:55:05.020	L(-0,10,-0,45,0,06)	R(0,23,-0,15,0,32)
17:55:06.047	L(-0,10,-0,45,0,06)	R(0,21,-0,16,0,34)
17:55:07.076	L(-0,16,-0,45,0,03)	R(-0,04,-0,18,0,47)
17:55:08.103	L(-0,08,-0,45,0,06)	R(0,22,-0,17,0,31)
17:55:09.131	L(-0,11,-0,45,0,05)	R(0,05,-0,08,0,40)
17:55:10.159	L(-0,12,-0,46,0,05)	R(0,12,-0,09,0,35)
17:55:11.186	L(-0,08,-0,46,0,06)	R(0,22,-0,18,0,29)
17:55:12.213	L(-0,09,-0,45,0,06)	R(0,19,-0,09,0,29)
17:55:13.242	L(-0,24,-0,20,0,43)	R(0,05,-0,46,0,12)
17:55:14.270	L(0,00,-0,17,0,39)	R(0,05,-0,52,0,08)
17:55:15.297	L(0,02,-0,19,0,38)	R(0,04,-0,51,0,08)
17:55:16.325	L(-0,23,-0,21,0,42)	R(0,04,-0,52,0,08)
17:55:17.353	L(0,00,-0,17,0,37)	R(0,03,-0,51,0,07)
17:55:18.381	L(0,02,-0,19,0,37)	R(0,03,-0,51,0,07)
17:55:19.408	L(-0,22,-0,19,0,41)	R(0,02,-0,51,0,07)
17:55:20.435	L(0,01,-0,18,0,35)	R(0,03,-0,51,0,07)
17:55:21.463	L(0,02,-0,19,0,35)	R(0,03,-0,51,0,07)
17:55:22.492	L(-0,22,-0,18,0,47)	R(0,03,-0,52,0,07)
17:55:23.519	L(-0,03,-0,16,0,33)	R(0,03,-0,52,0,07)
17:55:24.546	L(0,02,-0,18,0,33)	R(0,04,-0,52,0,07)
17:55:25.575	L(-0,27,-0,16,0,47)	R(0,01,-0,52,0,08)
17:55:26.602	L(-0,11,-0,13,0,36)	R(0,02,-0,51,0,08)
17:55:27.629	L(-0,17,-0,15,0,34)	R(0,02,-0,51,0,14)
17:55:28.657	L(-0,03,-0,19,0,40)	R(0,02,-0,52,0,12)
17:55:29.684	L(-0,02,-0,19,0,39)	R(0,02,-0,52,0,12)
17:55:30.713	L(-0,22,-0,22,0,45)	R(0,02,-0,52,0,12)
17:55:31.740	L(-0,03,-0,18,0,37)	R(0,03,-0,51,0,12)
17:55:32.768	L(-0,07,-0,19,0,38)	R(0,02,-0,51,0,12)
17:55:33.796	L(-0,08,-0,16,0,37)	R(0,01,-0,51,0,12)
17:55:34.823	L(-0,02,-0,19,0,35)	R(0,03,-0,51,0,12)
17:55:35.852	L(-0,24,-0,19,0,46)	R(0,00,-0,52,0,11)
17:55:36.879	L(-0,22,-0,22,0,40)	R(0,00,-0,52,0,11)
17:55:37.906	L(-0,07,-0,17,0,33)	R(0,01,-0,52,0,11)
17:55:38.934	L(-0,03,-0,19,0,33)	R(0,02,-0,52,0,11)
17:55:39.962	L(-0,12,-0,22,0,26)	R(0,03,-0,43,0,13)
17:55:40.990	L(-0,18,-0,48,0,08)	R(-0,06,-0,18,0,47)
17:55:42.017	L(-0,05,-0,49,0,12)	R(0,17,-0,15,0,38)
17:55:43.044	L(-0,08,-0,49,0,09)	R(0,07,-0,06,0,44)
17:55:44.073	L(-0,09,-0,50,0,10)	R(0,14,-0,08,0,37)
17:55:45.101	L(-0,04,-0,50,0,10)	R(0,18,-0,18,0,35)
17:55:46.128	L(-0,07,-0,49,0,09)	R(0,09,-0,06,0,42)
17:55:47.156	L(-0,09,-0,50,0,10)	R(0,14,-0,07,0,36)
17:55:48.184	L(-0,04,-0,50,0,10)	R(0,18,-0,18,0,33)
17:55:49.213	L(-0,13,-0,50,0,07)	R(-0,06,-0,17,0,50)
17:55:50.239	L(-0,05,-0,50,0,11)	R(0,20,-0,14,0,31)
17:55:51.267	L(-0,05,-0,50,0,10)	R(0,18,-0,13,0,32)
17:55:52.295	L(-0,12,-0,51,0,10)	R(0,03,-0,06,0,45)
17:55:53.322	L(-0,06,-0,51,0,10)	R(0,14,-0,16,0,38)
17:55:54.351	L(-0,13,-0,52,0,08)	R(-0,06,-0,18,0,47)
17:55:55.378	L(-0,07,-0,51,0,10)	R(0,14,-0,14,0,36)
17:55:56.406	L(-0,07,-0,51,0,10)	R(0,14,-0,15,0,36)
17:55:57.433	L(-0,12,-0,52,0,09)	R(-0,01,-0,07,0,44)
17:55:58.461	L(-0,07,-0,52,0,10)	R(0,15,-0,16,0,34)
17:55:59.488	L(-0,11,-0,52,0,08)	R(-0,02,-0,05,0,49)
17:56:00.516	L(-0,10,-0,52,0,10)	R(0,12,-0,09,0,33)
17:56:01.544	L(-0,07,-0,53,0,11)	R(0,14,-0,17,0,32)
17:56:02.572	L(-0,04,-0,52,0,12)	R(0,22,-0,17,0,19)
17:56:03.606	L(-0,01,-0,52,0,12)	R(0,60,-0,08,0,16)
17:56:04.619	L(-0,02,-0,52,0,11)	R(0,45,-0,10,0,10)
17:56:05.634	L(-0,02,-0,52,0,11)	R(0,57,-0,09,0,14)
17:56:06.648	L(-0,02,-0,52,0,10)	R(0,59,-0,12,0,17)
17:56:07.691	L(-0,23,-0,16,0,37)	R(0,04,-0,43,0,12)
17:56:08.725	L(-0,10,-0,16,0,35)	R(0,06,-0,44,0,12)
17:56:09.752	L(-0,06,-0,18,0,37)	R(0,06,-0,44,0,11)
17:56:10.780	L(-0,24,-0,21,0,44)	R(0,05,-0,44,0,10)
17:56:11.807	L(-0,07,-0,18,0,36)	R(0,06,-0,45,0,10)
17:56:12.835	L(-0,10,-0,18,0,37)	R(0,05,-0,45,0,10)
17:56:13.863	L(-0,13,-0,15,0,35)	R(0,04,-0,45,0,10)
17:56:14.891	L(-0,07,-0,18,0,34)	R(0,05,-0,45,0,10)
17:56:15.919	L(-0,22,-0,19,0,41)	R(0,03,-0,45,0,10)
17:56:16.946	L(-0,07,-0,18,0,33)	R(0,05,-0,46,0,09)
17:56:17.973	L(-0,15,-0,35,0,16)	R(0,02,-0,20,0,19)
17:56:19.001	L(-0,16,-0,57,0,09)	R(0,00,-0,09,0,43)
17:56:20.029	L(-0,11,-0,57,0,10)	R(0,10,-0,14,0,38)
17:56:21.058	L(-0,11,-0,57,0,09)	R(0,10,-0,14,0,38)
17:56:22.084	L(-0,15,-0,58,0,07)	R(-0,07,-0,14,0,48)
17:56:23.113	L(-0,10,-0,57,0,09)	R(0,10,-0,15,0,37)
17:56:24.140	L(-0,14,-0,57,0,07)	R(0,01,-0,05,0,45)
17:56:25.168	L(-0,11,-0,57,0,08)	R(0,08,-0,11,0,36)
17:56:26.196	L(-0,10,-0,58,0,07)	R(0,11,-0,16,0,34)
17:56:27.223	L(-0,13,-0,57,0,06)	R(0,03,-0,02,0,45)
17:56:28.251	L(-0,11,-0,58,0,07)	R(0,10,-0,11,0,33)
17:56:29.279	L(-0,10,-0,58,0,07)	R(0,11,-0,18,0,32)
17:56:30.306	L(-0,24,-0,22,0,44)	R(0,03,-0,47,0,13)
17:56:31.335	L(-0,11,-0,18,0,37)	R(0,03,-0,53,0,10)
17:56:32.362	L(-0,10,-0,18,0,37)	R(0,04,-0,54,0,10)
17:56:33.390	L(-0,23,-0,21,0,44)	R(0,04,-0,54,0,09)
17:56:34.417	L(-0,11,-0,17,0,36)	R(0,03,-0,54,0,09)
17:56:35.445	L(-0,24,-0,18,0,48)	R(0,03,-0,54,0,09)
17:56:36.473	L(-0,12,-0,17,0,35)	R(0,03,-0,55,0,10)
17:56:37.501	L(-0,13,-0,17,0,36)	R(0,03,-0,55,0,10)
17:56:38.527	L(-0,14,-0,15,0,32)	R(0,02,-0,54,0,10)
17:56:39.556	L(-0,11,-0,18,0,32)	R(0,03,-0,54,0,10)
17:56:40.584	L(-0,19,-0,53,0,08)	R(-0,08,-0,19,0,48)
17:56:41.612	L(-0,14,-0,54,0,09)	R(0,05,-0,14,0,38)
17:56:42.639	L(-0,14,-0,54,0,08)	R(0,02,-0,05,0,44)
17:56:43.667	L(-0,14,-0,54,0,09)	R(0,04,-0,10,0,37)
17:56:44.694	L(-0,12,-0,54,0,08)	R(0,06,-0,17,0,36)
17:56:45.722	L(-0,16,-0,55,0,07)	R(-0,06,-0,18,0,47)
17:56:46.750	L(-0,12,-0,54,0,07)	R(0,06,-0,15,0,34)
17:56:47.778	L(-0,15,-0,54,0,08)	R(-0,06,-0,15,0,51)
17:56:48.805	L(-0,11,-0,54,0,08)	R(0,08,-0,08,0,32)
17:56:49.834	L(-0,11,-0,53,0,07)	R(0,07,-0,17,0,32)
17:56:50.861	L(-0,23,-0,24,0,42)	R(0,06,-0,49,0,11)
17:56:51.889	L(-0,14,-0,19,0,37)	R(0,04,-0,52,0,08)
17:56:52.917	L(-0,24,-0,19,0,41)	R(0,05,-0,54,0,09)
17:56:53.944	L(-0,15,-0,18,0,36)	R(0,05,-0,55,0,08)
17:56:54.972	L(-0,23,-0,17,0,40)	R(0,04,-0,56,0,09)
17:56:56.000	L(-0,15,-0,18,0,34)	R(0,05,-0,56,0,08)
17:56:57.027	L(-0,21,-0,16,0,38)	R(0,03,-0,56,0,09)
17:56:58.056	L(-0,15,-0,19,0,32)	R(0,04,-0,56,0,09)
17:56:59.084	L(-0,07,-0,46,0,12)	R(0,21,-0,26,0,12)
17:57:00.103	L(-0,05,-0,48,0,13)	R(0,57,-0,08,0,13)
17:57:01.115	L(-0,06,-0,47,0,09)	R(0,21,-0,19,0,12)
17:57:02.120	L(-0,06,-0,45,0,11)	R(0,22,-0,19,0,13)
17:57:03.127	L(-0,05,-0,45,0,11)	R(0,24,-0,22,0,12)
17:57:04.149	L(-0,06,-0,46,0,10)	R(0,23,-0,23,0,11)
17:57:05.184	L(-0,11,-0,47,0,11)	R(0,22,-0,23,0,10)
17:57:06.200	L(-0,04,-0,49,0,13)	R(0,57,-0,20,0,22)
17:57:07.234	L(-0,06,-0,47,0,11)	R(0,19,-0,19,0,14)
17:57:08.249	L(-0,13,-0,49,0,09)	R(-0,20,-0,22,0,31)
17:57:09.276	L(-0,11,-0,49,0,12)	R(0,11,-0,10,0,27)
17:57:10.334	L(-0,09,-0,50,0,10)	R(0,04,-0,19,0,27)
17:57:11.335	L(-0,10,-0,50,0,11)	R(0,03,-0,20,0,25)
17:57:12.368	L(-0,07,-0,48,0,11)	R(0,06,-0,22,0,11)
17:57:13.390	L(-0,03,-0,48,0,12)	R(0,41,-0,21,0,17)
17:57:14.418	L(-0,03,-0,49,0,11)	R(0,54,-0,20,0,20)
17:57:15.444	L(-0,07,-0,48,0,10)	R(0,01,-0,27,0,13)
17:57:16.472	L(-0,08,-0,48,0,10)	R(0,02,-0,27,0,12)
17:57:17.499	L(-0,05,-0,48,0,13)	R(0,30,-0,16,0,15)
17:57:18.528	L(-0,04,-0,49,0,13)	R(0,45,-0,21,0,19)
17:57:19.556	L(-0,06,-0,48,0,12)	R(0,10,-0,27,0,16)
17:57:20.582	L(-0,07,-0,48,0,11)	R(0,11,-0,25,0,15)
17:57:21.624	L(-0,08,-0,48,0,08)	R(0,43,-0,19,0,18)
17:57:22.652	L(-0,07,-0,48,0,13)	R(0,20,-0,29,0,17)
17:57:23.680	L(-0,07,-0,48,0,13)	R(0,31,-0,25,0,20)
17:57:24.721	L(-0,05,-0,48,0,12)	R(0,54,-0,20,0,19)
17:57:25.763	L(-0,06,-0,48,0,13)	R(0,34,-0,22,0,19)
17:57:26.804	L(-0,06,-0,49,0,13)	R(0,51,-0,21,0,20)
17:57:27.832	L(-0,06,-0,49,0,13)	R(0,59,-0,22,0,23)
17:57:28.859	L(-0,10,-0,49,0,14)	R(0,33,-0,24,0,16)
17:57:29.889	L(-0,07,-0,49,0,13)	R(0,51,-0,23,0,12)
17:57:30.915	L(-0,06,-0,49,0,12)	R(0,63,-0,23,0,17)
17:57:31.943	L(-0,07,-0,49,0,12)	R(0,58,-0,22,0,16)
17:57:32.970	L(-0,07,-0,49,0,12)	R(0,60,-0,21,0,17)
17:57:34.012	L(-0,09,-0,49,0,11)	R(0,46,-0,20,0,12)
17:57:35.041	L(-0,09,-0,49,0,10)	R(0,55,-0,22,0,14)
17:57:36.069	L(-0,05,-0,49,0,12)	R(0,55,-0,22,0,14)
17:57:37.096	L(-0,06,-0,49,0,13)	R(0,44,-0,27,0,16)
17:57:38.138	L(-0,06,-0,47,0,13)	R(0,37,-0,23,0,14)
17:57:39.180	L(-0,05,-0,48,0,12)	R(0,60,-0,20,0,15)
17:57:40.207	L(-0,05,-0,49,0,13)	R(0,60,-0,21,0,16)
17:57:41.235	L(-0,03,-0,48,0,13)	R(0,51,-0,21,0,10)
17:57:42.263	L(-0,02,-0,48,0,12)	R(0,51,-0,23,0,12)
17:57:43.289	L(-0,05,-0,46,0,12)	R(0,13,-0,35,0,16)
17:57:44.317	L(-0,10,-0,48,0,12)	R(0,27,-0,27,0,08)
17:57:45.340	L(0,11,-0,47,0,09)	R(0,56,-0,22,0,11)
17:57:46.352	L(0,07,-0,46,0,12)	R(0,41,-0,27,0,14)
17:57:47.387	L(0,08,-0,46,0,12)	R(0,43,-0,27,0,13)
17:57:48.431	L(0,04,-0,47,0,13)	R(0,43,-0,30,0,34)
17:57:49.470	L(0,01,-0,47,0,10)	R(0,43,-0,29,0,38)
17:57:50.498	L(0,00,-0,47,0,12)	R(0,28,-0,29,0,34)
17:57:51.525	L(-0,01,-0,47,0,12)	R(0,43,-0,29,0,38)
17:57:52.553	L(-0,01,-0,47,0,11)	R(0,43,-0,29,0,38)
17:57:53.581	L(-0,01,-0,47,0,12)	R(0,40,-0,29,0,37)
17:57:54.608	L(-0,01,-0,48,0,13)	R(0,42,-0,28,0,36)
17:57:55.636	L(-0,01,-0,48,0,13)	R(0,34,-0,31,0,34)
17:57:56.664	L(-0,01,-0,48,0,11)	R(0,39,-0,31,0,34)
17:57:57.691	L(-0,01,-0,48,0,12)	R(0,30,-0,35,0,28)
17:57:58.720	L(0,00,-0,48,0,11)	R(0,33,-0,33,0,24)
17:57:59.747	L(-0,01,-0,48,0,10)	R(0,28,-0,33,0,24)
17:58:00.774	L(-0,01,-0,48,0,11)	R(0,30,-0,31,0,24)
17:58:01.803	L(-0,01,-0,48,0,11)	R(0,29,-0,32,0,25)
17:58:02.830	L(-0,01,-0,48,0,10)	R(0,29,-0,33,0,23)
17:58:03.857	L(-0,03,-0,48,0,10)	R(0,16,-0,38,0,21)
17:58:04.861	L(-0,04,-0,46,0,13)	R(0,19,-0,35,0,25)
17:58:05.869	L(-0,01,-0,47,0,10)	R(0,20,-0,39,0,20)
17:58:06.899	L(-0,01,-0,48,0,12)	R(0,22,-0,32,0,21)
17:58:07.914	L(-0,02,-0,48,0,11)	R(0,24,-0,32,0,22)
17:58:08.940	L(-0,01,-0,48,0,11)	R(0,28,-0,32,0,22)
17:58:09.982	L(-0,02,-0,48,0,10)	R(0,31,-0,32,0,28)
17:58:11.011	L(-0,03,-0,48,0,10)	R(0,41,-0,29,0,38)
17:58:12.038	L(-0,04,-0,48,0,10)	R(0,13,-0,39,0,22)
17:58:13.064	L(-0,05,-0,48,0,09)	R(0,20,-0,33,0,19)
17:58:14.092	L(-0,03,-0,48,0,11)	R(0,25,-0,34,0,23)
17:58:15.133	L(-0,04,-0,47,0,09)	R(0,25,-0,19,0,26)
17:58:16.177	L(0,00,-0,47,0,10)	R(0,31,-0,28,0,14)
17:58:17.231	L(0,00,-0,47,0,09)	R(0,49,-0,28,0,26)
17:58:18.261	L(0,00,-0,47,0,09)	R(0,49,-0,30,0,25)
17:58:19.286	L(-0,01,-0,47,0,11)	R(0,42,-0,30,0,25)
17:58:20.330	L(0,00,-0,48,0,11)	R(0,43,-0,32,0,22)
17:58:21.357	L(0,00,-0,48,0,10)	R(0,37,-0,33,0,20)
17:58:22.398	L(-0,01,-0,46,0,10)	R(0,15,-0,41,0,18)
17:58:23.425	L(0,00,-0,45,0,10)	R(0,12,-0,40,0,18)
17:58:24.467	L(-0,01,-0,45,0,10)	R(0,15,-0,39,0,19)
17:58:25.494	L(-0,01,-0,47,0,11)	R(0,23,-0,29,0,21)
17:58:26.535	L(-0,03,-0,48,0,11)	R(0,26,-0,29,0,24)
17:58:27.578	L(-0,06,-0,47,0,11)	R(0,23,-0,29,0,23)
17:58:28.619	L(-0,03,-0,48,0,11)	R(0,23,-0,32,0,23)
17:58:29.660	L(-0,06,-0,48,0,10)	R(-0,03,-0,27,0,19)
17:58:30.672	L(-0,11,-0,49,0,12)	R(-0,06,-0,27,0,21)
17:58:31.700	L(-0,14,-0,48,0,12)	R(-0,03,-0,24,0,22)
17:58:32.729	L(-0,17,-0,50,0,13)	R(-0,07,-0,28,0,22)
17:58:33.771	L(-0,17,-0,51,0,12)	R(-0,08,-0,28,0,21)
17:58:34.812	L(-0,14,-0,51,0,11)	R(0,21,-0,34,0,30)
17:58:35.855	L(-0,18,-0,52,0,11)	R(-0,05,-0,28,0,21)
17:58:36.896	L(-0,17,-0,52,0,11)	R(-0,03,-0,29,0,20)
17:58:37.939	L(-0,09,-0,50,0,11)	R(0,21,-0,33,0,30)
17:58:38.980	L(-0,14,-0,51,0,10)	R(0,00,-0,29,0,22)
17:58:40.021	L(-0,12,-0,51,0,11)	R(0,20,-0,24,0,30)
17:58:41.060	L(-0,08,-0,51,0,11)	R(0,15,-0,25,0,24)
17:58:42.104	L(-0,10,-0,51,0,10)	R(0,05,-0,30,0,22)
17:58:43.146	L(-0,08,-0,51,0,11)	R(0,24,-0,31,0,31)
17:58:44.188	L(-0,10,-0,52,0,11)	R(0,08,-0,29,0,22)
17:58:45.229	L(-0,08,-0,51,0,11)	R(0,08,-0,35,0,18)
17:58:46.272	L(-0,10,-0,52,0,10)	R(0,05,-0,43,0,23)
17:58:47.317	L(-0,09,-0,51,0,10)	R(0,19,-0,14,0,23)
17:58:48.329	L(-0,13,-0,53,0,12)	R(0,04,-0,19,0,23)
17:58:49.381	L(-0,14,-0,52,0,13)	R(0,04,-0,19,0,14)
17:58:50.424	L(-0,06,-0,51,0,11)	R(0,26,-0,30,0,29)
17:58:51.465	L(-0,11,-0,52,0,10)	R(-0,06,-0,27,0,20)
17:58:52.507	L(-0,11,-0,52,0,10)	R(-0,08,-0,29,0,21)
17:58:53.549	L(-0,05,-0,52,0,11)	R(0,22,-0,33,0,31)
17:58:54.590	L(-0,10,-0,52,0,10)	R(-0,04,-0,28,0,21)
17:58:55.632	L(-0,09,-0,52,0,10)	R(-0,04,-0,29,0,22)
17:58:56.673	L(-0,09,-0,52,0,10)	R(0,13,-0,23,0,23)
17:58:57.715	L(-0,05,-0,51,0,10)	R(0,12,-0,25,0,20)
17:58:58.757	L(-0,07,-0,51,0,10)	R(0,00,-0,30,0,22)
17:58:59.798	L(-0,05,-0,51,0,11)	R(0,24,-0,32,0,31)
17:59:00.840	L(-0,06,-0,52,0,10)	R(0,04,-0,29,0,21)
17:59:01.881	L(-0,06,-0,52,0,10)	R(0,08,-0,29,0,21)
17:59:02.881	L(-0,04,-0,52,0,10)	R(0,19,-0,27,0,26)
17:59:03.923	L(-0,06,-0,52,0,10)	R(0,07,-0,31,0,21)
17:59:04.966	L(-0,07,-0,51,0,09)	R(0,11,-0,22,0,45)
17:59:06.006	L(-0,08,-0,51,0,10)	R(0,08,-0,13,0,38)
17:59:07.048	L(-0,11,-0,52,0,08)	R(0,01,-0,22,0,27)
17:59:08.090	L(-0,11,-0,52,0,09)	R(0,00,-0,24,0,25)
17:59:09.131	L(-0,10,-0,53,0,08)	R(0,01,-0,19,0,23)
17:59:10.173	L(-0,10,-0,53,0,09)	R(0,02,-0,26,0,22)
17:59:11.214	L(-0,10,-0,52,0,09)	R(0,02,-0,22,0,24)
17:59:12.256	L(-0,10,-0,53,0,09)	R(0,02,-0,22,0,27)
17:59:13.299	L(-0,09,-0,53,0,09)	R(0,03,-0,26,0,24)
17:59:14.339	L(-0,09,-0,53,0,09)	R(0,04,-0,24,0,21)
17:59:15.381	L(-0,08,-0,53,0,09)	R(0,06,-0,22,0,22)
17:59:16.423	L(-0,08,-0,53,0,09)	R(0,05,-0,25,0,24)
17:59:17.464	L(-0,08,-0,53,0,09)	R(0,06,-0,20,0,25)
17:59:18.506	L(-0,08,-0,53,0,09)	R(0,06,-0,23,0,23)
17:59:19.546	L(-0,07,-0,53,0,09)	R(0,10,-0,19,0,21)
17:59:20.590	L(-0,07,-0,53,0,11)	R(0,08,-0,24,0,23)
17:59:21.630	L(-0,08,-0,53,0,11)	R(0,08,-0,19,0,23)
17:59:22.672	L(-0,07,-0,53,0,10)	R(0,08,-0,18,0,23)
17:59:23.726	L(-0,07,-0,53,0,12)	R(0,09,-0,25,0,20)
17:59:24.769	L(-0,06,-0,53,0,11)	R(0,11,-0,22,0,18)
17:59:25.810	L(-0,06,-0,53,0,11)	R(0,11,-0,22,0,20)
17:59:26.853	L(-0,06,-0,53,0,12)	R(0,11,-0,25,0,23)
17:59:27.893	L(-0,06,-0,53,0,11)	R(0,09,-0,20,0,24)
17:59:28.936	L(-0,06,-0,53,0,11)	R(0,12,-0,26,0,25)
17:59:29.976	L(-0,06,-0,53,0,12)	R(0,12,-0,22,0,25)
17:59:31.032	L(-0,06,-0,53,0,12)	R(0,13,-0,27,0,24)
17:59:32.032	L(-0,06,-0,53,0,11)	R(0,15,-0,23,0,23)
17:59:33.074	L(-0,06,-0,53,0,11)	R(0,13,-0,21,0,22)
17:59:34.116	L(-0,06,-0,53,0,11)	R(0,12,-0,27,0,21)
17:59:35.115	L(-0,05,-0,53,0,11)	R(0,15,-0,22,0,21)
17:59:36.157	L(-0,05,-0,53,0,10)	R(0,14,-0,27,0,18)
17:59:37.199	L(-0,06,-0,53,0,10)	R(0,12,-0,23,0,19)
17:59:38.240	L(-0,06,-0,52,0,11)	R(0,17,-0,21,0,19)
17:59:39.240	L(-0,05,-0,52,0,10)	R(0,32,-0,30,0,24)
17:59:40.282	L(-0,06,-0,52,0,09)	R(0,06,-0,47,0,23)
17:59:41.324	L(-0,08,-0,51,0,07)	R(0,02,-0,45,0,22)
17:59:42.365	L(-0,07,-0,52,0,09)	R(0,07,-0,36,0,21)
17:59:43.406	L(-0,08,-0,51,0,11)	R(0,03,-0,30,0,17)
17:59:44.447	L(-0,08,-0,51,0,10)	R(0,02,-0,30,0,20)
17:59:45.447	L(-0,08,-0,51,0,10)	R(0,02,-0,30,0,20)
17:59:46.447	L(-0,09,-0,51,0,09)	R(-0,01,-0,50,0,24)
17:59:47.490	L(-0,12,-0,52,0,06)	R(0,00,-0,47,0,23)
17:59:48.532	L(-0,12,-0,52,0,08)	R(0,02,-0,33,0,18)
17:59:49.573	L(-0,12,-0,52,0,09)	R(-0,02,-0,28,0,19)
17:59:50.615	L(-0,12,-0,52,0,09)	R(-0,01,-0,28,0,19)
17:59:51.656	L(-0,17,-0,36,0,18)	R(0,03,-0,40,0,11)
17:59:52.698	L(-0,08,-0,51,0,23)	R(-0,01,-0,48,0,09)
17:59:53.740	L(-0,09,-0,39,0,20)	R(0,01,-0,48,0,10)
17:59:54.781	L(-0,11,-0,51,0,22)	R(0,00,-0,49,0,09)
17:59:55.823	L(-0,18,-0,21,0,23)	R(0,01,-0,46,0,13)
17:59:56.865	L(-0,15,-0,32,0,24)	R(0,01,-0,47,0,13)
17:59:57.905	L(-0,16,-0,26,0,24)	R(0,02,-0,47,0,12)
17:59:58.947	L(-0,15,-0,27,0,27)	R(0,02,-0,48,0,12)
17:59:59.990	L(-0,15,-0,48,0,10)	R(0,14,-0,34,0,19)
18:00:01.031	L(-0,05,-0,50,0,06)	R(0,22,-0,29,0,24)
18:00:02.073	L(-0,04,-0,50,0,06)	R(0,22,-0,26,0,26)
18:00:03.115	L(-0,04,-0,51,0,06)	R(0,16,-0,31,0,25)
18:00:04.156	L(-0,04,-0,51,0,07)	R(0,21,-0,29,0,22)
18:00:05.185	L(-0,03,-0,51,0,07)	R(0,53,-0,19,0,15)
18:00:06.211	L(-0,04,-0,52,0,04)	R(0,21,-0,29,0,25)
18:00:07.253	L(-0,04,-0,52,0,05)	R(0,19,-0,29,0,25)
18:00:08.295	L(-0,04,-0,52,0,05)	R(0,05,-0,28,0,16)
18:00:09.336	L(-0,04,-0,52,0,04)	R(0,07,-0,29,0,19)
18:00:10.378	L(-0,15,-0,42,0,15)	R(0,08,-0,40,0,14)
18:00:11.419	L(-0,10,-0,42,0,24)	R(0,07,-0,47,0,11)
18:00:12.461	L(-0,09,-0,40,0,23)	R(0,06,-0,47,0,11)
18:00:13.502	L(-0,04,-0,34,0,20)	R(0,06,-0,48,0,10)
18:00:14.544	L(-0,06,-0,29,0,24)	R(0,06,-0,48,0,11)
18:00:15.585	L(-0,09,-0,29,0,23)	R(0,06,-0,48,0,12)
18:00:16.627	L(-0,16,-0,33,0,21)	R(0,07,-0,45,0,13)
18:00:17.669	L(-0,17,-0,38,0,18)	R(0,06,-0,46,0,13)
18:00:18.711	L(-0,10,-0,40,0,20)	R(0,08,-0,49,0,12)
18:00:19.752	L(-0,08,-0,32,0,20)	R(0,08,-0,49,0,12)
18:00:20.794	L(0,02,-0,29,0,20)	R(0,07,-0,50,0,12)
18:00:21.835	L(-0,01,-0,39,0,10)	R(0,13,-0,41,0,15)
18:00:22.877	L(0,00,-0,59,0,04)	R(0,10,-0,32,0,17)
18:00:23.919	L(-0,01,-0,53,0,03)	R(-0,01,-0,16,0,29)
18:00:24.960	L(-0,04,-0,50,0,06)	R(0,08,-0,06,0,28)
18:00:26.002	L(-0,06,-0,52,0,07)	R(-0,03,-0,28,0,18)
18:00:27.045	L(-0,06,-0,53,0,06)	R(-0,03,-0,29,0,19)
18:00:28.043	L(-0,14,-0,36,0,19)	R(0,03,-0,39,0,12)
18:00:29.085	L(-0,12,-0,37,0,20)	R(0,04,-0,40,0,12)
18:00:30.127	L(-0,13,-0,36,0,19)	R(0,04,-0,40,0,12)
18:00:31.168	L(-0,13,-0,28,0,23)	R(0,05,-0,41,0,11)
18:00:32.210	L(-0,20,-0,30,0,20)	R(0,16,-0,33,0,21)
18:00:33.252	L(-0,18,-0,34,0,19)	R(0,16,-0,29,0,22)
18:00:34.293	L(-0,10,-0,46,0,09)	R(0,14,-0,33,0,21)
18:00:35.335	L(-0,09,-0,46,0,10)	R(0,13,-0,37,0,16)
18:00:36.376	L(-0,10,-0,42,0,25)	R(0,09,-0,44,0,12)
18:00:37.417	L(-0,06,-0,36,0,22)	R(0,08,-0,45,0,12)
18:00:38.459	L(-0,07,-0,30,0,24)	R(0,08,-0,45,0,12)
18:00:39.501	L(-0,09,-0,39,0,25)	R(0,08,-0,46,0,11)
18:00:40.543	L(-0,05,-0,35,0,21)	R(0,08,-0,46,0,11)
18:00:41.584	L(-0,06,-0,27,0,25)	R(0,08,-0,46,0,12)
18:00:42.625	L(-0,07,-0,27,0,28)	R(0,09,-0,47,0,11)
18:00:43.667	L(-0,09,-0,36,0,20)	R(0,09,-0,47,0,12)
18:00:44.709	L(-0,08,-0,54,0,08)	R(0,04,-0,46,0,18)
18:00:45.751	L(-0,07,-0,54,0,06)	R(0,04,-0,41,0,20)
18:00:46.793	L(-0,06,-0,54,0,06)	R(0,06,-0,28,0,19)
18:00:47.834	L(-0,06,-0,54,0,06)	R(0,04,-0,30,0,23)
18:00:48.836	L(-0,07,-0,54,0,06)	R(0,03,-0,42,0,16)
18:00:49.876	L(-0,07,-0,59,0,04)	R(0,01,-0,41,0,26)
18:00:50.904	L(-0,04,-0,69,0,02)	R(0,03,-0,38,0,26)
18:00:51.931	L(-0,04,-0,68,0,02)	R(0,01,-0,39,0,28)
18:00:52.973	L(-0,04,-0,68,0,02)	R(0,00,-0,39,0,27)
18:00:54.014	L(-0,07,-0,69,0,00)	R(0,06,-0,33,0,18)
18:00:55.056	L(-0,09,-0,52,0,08)	R(0,04,-0,32,0,16)
18:00:56.098	L(-0,09,-0,52,0,06)	R(0,10,-0,29,0,25)
18:00:57.139	L(-0,07,-0,45,0,18)	R(0,09,-0,50,0,10)
18:00:58.166	L(-0,07,-0,40,0,25)	R(0,08,-0,56,0,10)
18:00:59.208	L(-0,07,-0,38,0,24)	R(0,09,-0,56,0,09)
18:01:00.249	L(-0,06,-0,35,0,14)	R(0,06,-0,54,0,11)
18:01:01.291	L(-0,12,-0,27,0,19)	R(0,06,-0,55,0,11)
18:01:02.332	L(-0,11,-0,32,0,12)	R(0,07,-0,55,0,11)
18:01:03.374	L(-0,19,-0,57,0,00)	R(0,04,-0,45,0,21)
18:01:04.416	L(-0,20,-0,57,0,00)	R(0,06,-0,45,0,24)
18:01:05.458	L(-0,18,-0,57,0,04)	R(0,08,-0,31,0,20)
18:01:06.499	L(-0,15,-0,57,0,06)	R(0,11,-0,26,0,22)
18:01:07.541	L(-0,15,-0,56,0,03)	R(0,01,-0,30,0,25)
18:01:08.582	L(-0,14,-0,55,0,03)	R(-0,02,-0,34,0,18)
18:01:09.583	L(-0,15,-0,37,0,15)	R(-0,02,-0,43,0,12)
18:01:10.624	L(-0,11,-0,36,0,22)	R(-0,08,-0,49,0,01)
18:01:11.665	L(-0,10,-0,36,0,23)	R(-0,06,-0,49,0,02)
18:01:12.708	L(-0,06,-0,28,0,25)	R(-0,06,-0,50,0,02)
18:01:13.749	L(-0,13,-0,34,0,22)	R(-0,07,-0,50,0,02)
18:01:14.791	L(-0,18,-0,58,0,00)	R(-0,05,-0,51,0,08)
18:01:15.832	L(-0,16,-0,60,0,01)	R(-0,03,-0,48,0,16)
18:01:16.874	L(-0,11,-0,57,0,02)	R(0,02,-0,42,0,18)
18:01:17.917	L(-0,12,-0,36,0,15)	R(0,02,-0,41,0,18)
18:01:18.958	L(-0,11,-0,49,0,20)	R(0,04,-0,45,0,14)
18:01:20.000	L(-0,09,-0,32,0,24)	R(0,08,-0,31,0,24)
18:01:21.040	L(-0,08,-0,45,0,10)	R(0,07,-0,41,0,13)
18:01:22.082	L(-0,07,-0,46,0,09)	R(0,05,-0,40,0,15)
18:01:23.105	L(0,0,00,0,00)	R(0,0,00,0,00)
18:01:24.132	L(0,0,00,0,00)	R(0,0,00,0,00)
