19:33:09.347	L(-0,09,-0,56,0,04)	R(0,06,-0,55,0,03)
19:33:10.371	L(-0,09,-0,56,0,04)	R(0,00,-0,33,-0,06)
19:33:11.421	L(-0,09,-0,59,0,06)	R(-0,06,-0,31,-0,03)
19:33:12.437	L(-0,09,-0,57,0,04)	R(0,00,-0,29,0,03)
19:33:13.453	L(-0,09,-0,57,0,04)	R(-0,19,-0,26,0,13)
19:33:14.469	L(-0,08,-0,57,0,04)	R(-0,02,-0,24,0,00)
19:33:15.484	L(-0,08,-0,57,0,04)	R(0,00,-0,29,0,01)
19:33:16.502	L(-0,08,-0,57,0,04)	R(-0,01,-0,30,0,01)
19:33:17.518	L(-0,08,-0,57,0,04)	R(-0,18,-0,26,0,11)
19:33:18.534	L(-0,08,-0,58,0,05)	R(0,01,-0,30,-0,01)
19:33:19.550	L(-0,08,-0,58,0,05)	R(0,00,-0,30,-0,01)
19:33:20.567	L(-0,08,-0,58,0,04)	R(-0,02,-0,31,-0,02)
19:33:21.584	L(-0,08,-0,58,0,05)	R(-0,27,-0,29,0,21)
19:33:22.600	L(-0,08,-0,58,0,05)	R(0,01,-0,29,-0,05)
19:33:23.616	L(-0,08,-0,57,0,04)	R(0,00,-0,29,-0,03)
19:33:24.635	L(-0,08,-0,58,0,04)	R(-0,27,-0,26,0,23)
19:33:25.649	L(-0,08,-0,57,0,04)	R(0,08,-0,23,0,10)
19:33:26.667	L(-0,08,-0,57,0,04)	R(0,08,-0,27,0,08)
19:33:27.682	L(-0,08,-0,57,0,04)	R(-0,03,-0,24,0,04)
19:33:28.698	L(-0,08,-0,58,0,04)	R(-0,11,-0,20,0,11)
19:33:29.715	L(-0,08,-0,57,0,04)	R(0,08,-0,26,0,05)
19:33:30.731	L(-0,09,-0,57,0,05)	R(0,07,-0,27,0,05)
19:33:31.747	L(-0,09,-0,57,0,05)	R(0,07,-0,27,0,05)
19:33:32.765	L(-0,10,-0,56,0,05)	R(0,07,-0,21,0,00)
19:33:33.781	L(-0,10,-0,56,0,05)	R(-0,06,-0,18,0,05)
19:33:34.795	L(-0,11,-0,56,0,05)	R(-0,13,-0,23,0,11)
19:33:35.813	L(-0,11,-0,57,0,06)	R(0,08,-0,26,0,03)
19:33:36.829	L(-0,11,-0,57,0,06)	R(0,08,-0,27,0,04)
19:33:37.845	L(-0,11,-0,56,0,06)	R(-0,11,-0,23,0,08)
19:33:38.862	L(-0,11,-0,57,0,06)	R(-0,02,-0,23,0,05)
19:33:39.878	L(-0,11,-0,57,0,06)	R(0,08,-0,26,0,01)
19:33:40.895	L(-0,11,-0,56,0,06)	R(-0,12,-0,25,0,07)
19:33:41.911	L(-0,10,-0,57,0,06)	R(-0,04,-0,19,0,02)
19:33:42.928	L(-0,10,-0,57,0,05)	R(0,04,-0,27,0,03)
19:33:43.945	L(-0,10,-0,57,0,06)	R(0,04,-0,28,0,03)
19:33:44.959	L(-0,10,-0,57,0,06)	R(-0,18,-0,27,0,11)
19:33:45.976	L(-0,10,-0,57,0,06)	R(-0,04,-0,21,0,02)
19:33:46.995	L(-0,10,-0,57,0,06)	R(0,05,-0,28,0,01)
19:33:48.009	L(-0,10,-0,57,0,06)	R(0,04,-0,28,0,01)
19:33:49.027	L(-0,10,-0,56,0,05)	R(0,04,-0,30,-0,09)
19:33:50.042	L(-0,11,-0,57,0,05)	R(-0,25,-0,29,0,22)
19:33:51.058	L(-0,11,-0,56,0,05)	R(0,04,-0,20,0,01)
19:33:52.077	L(-0,11,-0,56,0,05)	R(0,04,-0,28,-0,01)
19:33:53.092	L(-0,11,-0,56,0,05)	R(0,03,-0,28,-0,02)
19:33:54.108	L(-0,10,-0,57,0,03)	R(-0,05,-0,26,-0,05)
19:33:55.124	L(-0,10,-0,55,0,03)	R(-0,23,-0,28,0,16)
19:33:56.140	L(-0,10,-0,56,0,04)	R(0,04,-0,26,-0,05)
19:33:57.160	L(-0,09,-0,56,0,04)	R(0,03,-0,28,-0,04)
19:33:58.176	L(-0,09,-0,59,0,05)	R(-0,26,-0,27,0,21)
19:33:59.192	L(-0,09,-0,56,0,04)	R(0,10,-0,23,0,09)
19:34:00.209	L(-0,09,-0,56,0,04)	R(0,11,-0,27,0,07)
19:34:01.222	L(-0,09,-0,56,0,04)	R(-0,11,-0,23,0,07)
19:34:02.242	L(-0,09,-0,57,0,04)	R(-0,02,-0,20,0,08)
19:34:03.255	L(-0,09,-0,56,0,04)	R(0,11,-0,25,0,04)
19:34:04.275	L(-0,09,-0,57,0,04)	R(0,11,-0,27,0,04)
19:34:05.290	L(-0,09,-0,56,0,04)	R(-0,27,-0,27,0,24)
19:34:06.307	L(-0,10,-0,56,0,05)	R(0,12,-0,20,0,02)
19:34:07.320	L(-0,09,-0,57,0,04)	R(0,12,-0,27,0,03)
19:34:08.339	L(-0,09,-0,57,0,04)	R(-0,10,-0,26,0,04)
19:34:09.356	L(-0,09,-0,57,0,04)	R(0,02,-0,24,0,03)
19:34:10.373	L(-0,10,-0,57,0,04)	R(0,11,-0,27,0,00)
19:34:11.386	L(-0,09,-0,57,0,04)	R(0,00,-0,28,-0,02)
19:34:12.405	L(-0,09,-0,57,0,04)	R(-0,18,-0,25,0,11)
19:34:13.475	L(-0,09,-0,57,0,04)	R(0,09,-0,27,0,03)
19:34:14.495	L(-0,09,-0,57,0,04)	R(0,08,-0,28,0,04)
19:34:15.510	L(-0,10,-0,57,0,04)	R(-0,27,-0,28,0,22)
19:34:16.527	L(-0,09,-0,57,0,04)	R(0,13,-0,23,0,06)
19:34:17.542	L(-0,09,-0,57,0,04)	R(0,13,-0,27,0,04)
19:34:18.560	L(-0,10,-0,57,0,04)	R(-0,26,-0,29,0,21)
19:34:19.577	L(-0,10,-0,57,0,04)	R(0,09,-0,25,-0,01)
19:34:20.593	L(-0,10,-0,57,0,04)	R(0,08,-0,27,0,01)
19:34:21.625	L(-0,10,-0,57,0,04)	R(-0,26,-0,27,0,23)
19:34:22.639	L(-0,10,-0,57,0,04)	R(0,13,-0,23,0,03)
19:34:23.657	L(-0,10,-0,57,0,04)	R(0,15,-0,27,0,04)
19:34:24.670	L(-0,10,-0,57,0,04)	R(0,01,-0,26,-0,09)
19:34:25.689	L(-0,11,-0,57,0,05)	R(-0,24,-0,29,0,19)
19:34:26.706	L(-0,11,-0,56,0,04)	R(0,09,-0,27,-0,02)
19:34:27.720	L(-0,11,-0,57,0,04)	R(0,07,-0,29,-0,01)
19:34:28.738	L(-0,11,-0,57,0,04)	R(-0,24,-0,29,0,20)
19:34:29.754	L(-0,11,-0,57,0,04)	R(0,03,-0,24,0,06)
19:34:30.772	L(-0,12,-0,57,0,04)	R(0,16,-0,26,0,02)
19:34:31.801	L(-0,12,-0,57,0,04)	R(0,14,-0,27,0,02)
19:34:32.831	L(-0,12,-0,56,0,04)	R(0,02,-0,25,-0,03)
19:34:33.861	L(-0,12,-0,57,0,05)	R(-0,25,-0,29,0,19)
19:34:34.878	L(-0,12,-0,57,0,04)	R(0,08,-0,25,-0,06)
19:34:35.893	L(-0,12,-0,57,0,05)	R(0,07,-0,28,-0,04)
19:34:36.925	L(-0,12,-0,57,0,04)	R(0,07,-0,28,-0,04)
19:34:37.942	L(-0,12,-0,57,0,05)	R(-0,24,-0,28,0,21)
19:34:38.980	L(-0,12,-0,57,0,05)	R(0,12,-0,25,0,01)
19:34:39.998	L(-0,11,-0,57,0,05)	R(0,15,-0,28,0,00)
19:34:41.028	L(-0,11,-0,58,0,05)	R(-0,24,-0,27,0,18)
19:34:42.048	L(-0,11,-0,57,0,04)	R(0,06,-0,19,0,03)
19:34:43.088	L(-0,11,-0,57,0,04)	R(0,13,-0,27,0,03)
19:34:44.121	L(-0,11,-0,57,0,04)	R(0,05,-0,27,0,02)
19:34:45.139	L(-0,11,-0,57,0,04)	R(-0,21,-0,28,0,16)
19:34:46.156	L(-0,11,-0,57,0,04)	R(0,13,-0,26,0,00)
19:34:47.201	L(-0,11,-0,57,0,04)	R(0,11,-0,28,0,01)
19:34:48.243	L(-0,11,-0,57,0,04)	R(-0,16,-0,28,0,11)
19:34:49.289	L(-0,10,-0,57,0,04)	R(-0,03,-0,25,0,03)
19:34:50.319	L(-0,10,-0,57,0,04)	R(0,11,-0,29,-0,01)
19:34:51.335	L(-0,10,-0,57,0,04)	R(0,02,-0,28,-0,03)
19:34:52.364	L(-0,10,-0,57,0,04)	R(-0,19,-0,27,0,12)
19:34:53.397	L(-0,10,-0,57,0,04)	R(0,10,-0,28,-0,04)
19:34:54.411	L(-0,10,-0,57,0,04)	R(0,10,-0,28,-0,04)
19:34:55.427	L(-0,10,-0,57,0,04)	R(-0,20,-0,26,0,16)
19:34:56.460	L(-0,10,-0,57,0,04)	R(0,11,-0,22,0,07)
19:34:57.489	L(-0,10,-0,57,0,04)	R(0,19,-0,26,0,05)
19:34:58.535	L(-0,10,-0,58,0,04)	R(-0,06,-0,27,-0,02)
19:34:59.573	L(-0,10,-0,57,0,04)	R(-0,08,-0,24,0,09)
19:35:00.608	L(-0,10,-0,57,0,04)	R(0,19,-0,26,0,02)
19:35:01.651	L(-0,10,-0,57,0,04)	R(0,18,-0,27,0,04)
19:35:02.697	L(-0,10,-0,57,0,04)	R(-0,19,-0,25,0,11)
19:35:03.742	L(-0,10,-0,57,0,04)	R(0,06,-0,24,0,03)
19:35:04.759	L(-0,10,-0,57,0,04)	R(0,19,-0,26,0,01)
19:35:05.787	L(-0,10,-0,57,0,04)	R(0,12,-0,28,-0,03)
19:35:06.820	L(-0,10,-0,58,0,04)	R(-0,23,-0,28,0,17)
19:35:07.870	L(-0,10,-0,57,0,04)	R(0,18,-0,25,-0,02)
19:35:08.919	L(-0,10,-0,57,0,04)	R(0,17,-0,28,-0,02)
19:35:09.947	L(-0,10,-0,57,0,04)	R(-0,01,-0,27,-0,03)
19:35:10.966	L(-0,10,-0,57,0,04)	R(-0,23,-0,28,0,14)
19:35:12.010	L(-0,10,-0,57,0,04)	R(0,17,-0,26,0,00)
19:35:13.056	L(-0,10,-0,57,0,04)	R(0,15,-0,28,0,03)
19:35:14.115	L(-0,10,-0,57,0,04)	R(0,05,-0,26,-0,01)
19:35:15.160	L(-0,10,-0,58,0,04)	R(-0,16,-0,24,0,09)
19:35:16.202	L(-0,10,-0,57,0,04)	R(0,15,-0,27,0,00)
19:35:17.262	L(-0,10,-0,57,0,04)	R(0,14,-0,28,0,00)
19:35:18.305	L(-0,10,-0,57,0,04)	R(-0,01,-0,27,-0,04)
19:35:19.364	L(-0,10,-0,58,0,04)	R(-0,16,-0,25,0,09)
19:35:20.404	L(-0,10,-0,57,0,04)	R(0,15,-0,27,-0,02)
19:35:21.437	L(-0,10,-0,57,0,04)	R(0,15,-0,28,-0,02)
19:35:22.492	L(-0,10,-0,57,0,04)	R(0,14,-0,28,-0,02)
19:35:23.524	L(-0,10,-0,58,0,04)	R(-0,26,-0,28,0,22)
19:35:24.568	L(-0,10,-0,57,0,04)	R(0,14,-0,27,-0,04)
19:35:25.600	L(-0,10,-0,57,0,04)	R(0,14,-0,28,-0,04)
19:35:26.630	L(-0,10,-0,57,0,04)	R(0,02,-0,28,-0,04)
19:35:27.676	L(-0,10,-0,58,0,04)	R(-0,12,-0,25,0,11)
19:35:28.706	L(-0,10,-0,57,0,04)	R(0,22,-0,26,0,05)
19:35:29.749	L(-0,10,-0,57,0,04)	R(0,22,-0,27,0,04)
19:35:30.794	L(-0,10,-0,57,0,04)	R(-0,13,-0,25,0,09)
19:35:31.822	L(-0,10,-0,58,0,04)	R(-0,10,-0,19,0,07)
19:35:32.868	L(-0,10,-0,57,0,04)	R(0,22,-0,22,0,00)
19:35:33.897	L(-0,12,-0,57,0,05)	R(0,23,-0,27,0,02)
19:35:34.913	L(-0,12,-0,56,0,05)	R(0,20,-0,26,0,01)
19:35:35.945	L(-0,12,-0,57,0,05)	R(-0,25,-0,29,0,23)
19:35:36.989	L(-0,12,-0,57,0,05)	R(0,20,-0,19,0,01)
19:35:38.017	L(-0,12,-0,57,0,05)	R(0,22,-0,26,0,00)
19:35:39.047	L(-0,12,-0,57,0,05)	R(0,15,-0,25,-0,04)
19:35:40.082	L(-0,12,-0,57,0,05)	R(-0,25,-0,28,0,23)
19:35:41.111	L(-0,12,-0,57,0,05)	R(0,09,-0,17,0,03)
19:35:42.170	L(-0,12,-0,57,0,04)	R(0,22,-0,20,-0,05)
19:35:43.202	L(-0,12,-0,57,0,04)	R(0,22,-0,27,-0,02)
19:35:44.268	L(-0,12,-0,57,0,04)	R(0,22,-0,23,-0,05)
19:35:45.315	L(-0,12,-0,57,0,04)	R(0,28,-0,21,-0,06)
19:35:46.345	L(-0,12,-0,57,0,04)	R(0,28,-0,22,-0,07)
19:35:47.387	L(-0,11,-0,57,0,04)	R(-0,01,-0,23,-0,07)
19:35:48.420	L(-0,10,-0,58,0,04)	R(0,02,-0,25,-0,04)
19:35:49.428	L(-0,10,-0,57,0,04)	R(0,07,-0,30,-0,03)
19:35:50.441	L(-0,10,-0,57,0,04)	R(0,22,-0,29,-0,01)
19:35:51.469	L(-0,10,-0,57,0,04)	R(0,03,-0,27,-0,03)
19:35:52.513	L(-0,10,-0,57,0,04)	R(-0,02,-0,29,-0,02)
19:35:53.543	L(-0,10,-0,57,0,04)	R(0,07,-0,26,-0,02)
19:35:54.587	L(-0,10,-0,57,0,04)	R(0,25,-0,27,0,07)
19:35:55.607	L(-0,10,-0,57,0,04)	R(0,03,-0,28,-0,03)
19:35:56.650	L(-0,10,-0,57,0,04)	R(0,03,-0,29,-0,02)
19:35:57.697	L(-0,10,-0,57,0,04)	R(0,31,-0,30,0,18)
19:35:58.742	L(-0,10,-0,57,0,04)	R(0,07,-0,27,-0,02)
19:35:59.765	L(-0,10,-0,57,0,04)	R(0,07,-0,29,-0,02)
19:36:00.812	L(-0,10,-0,57,0,04)	R(0,17,-0,25,0,03)
19:36:01.827	L(-0,10,-0,57,0,04)	R(0,22,-0,26,0,05)
19:36:02.872	L(-0,10,-0,57,0,04)	R(0,11,-0,28,-0,03)
19:36:03.930	L(-0,10,-0,57,0,04)	R(0,11,-0,29,-0,03)
19:36:04.959	L(-0,10,-0,57,0,04)	R(0,13,-0,27,-0,02)
19:36:06.007	L(-0,10,-0,57,0,04)	R(0,25,-0,29,0,06)
19:36:07.066	L(-0,10,-0,57,0,04)	R(0,15,-0,28,-0,02)
19:36:08.109	L(-0,10,-0,57,0,04)	R(0,16,-0,28,-0,02)
19:36:09.153	L(-0,10,-0,57,0,04)	R(0,15,-0,23,0,15)
19:36:10.201	L(-0,10,-0,57,0,04)	R(0,05,-0,22,0,03)
19:36:11.245	L(-0,10,-0,57,0,04)	R(0,05,-0,22,0,02)
19:36:12.299	L(-0,10,-0,57,0,04)	R(0,06,-0,23,0,02)
19:36:13.332	L(-0,10,-0,57,0,04)	R(0,05,-0,24,0,01)
19:36:14.378	L(-0,10,-0,57,0,04)	R(0,07,-0,24,0,00)
19:36:15.421	L(-0,10,-0,57,0,04)	R(0,06,-0,24,-0,02)
19:36:16.450	L(-0,10,-0,57,0,04)	R(0,05,-0,24,-0,02)
19:36:17.482	L(-0,10,-0,57,0,04)	R(0,06,-0,24,-0,03)
19:36:18.512	L(-0,10,-0,57,0,04)	R(0,07,-0,24,-0,04)
19:36:19.542	L(-0,10,-0,57,0,04)	R(0,07,-0,22,-0,03)
19:36:20.586	L(-0,10,-0,57,0,04)	R(0,07,-0,25,0,01)
19:36:21.616	L(-0,10,-0,57,0,04)	R(0,09,-0,24,0,00)
19:36:22.669	L(-0,10,-0,57,0,04)	R(0,09,-0,25,0,00)
19:36:23.718	L(-0,10,-0,57,0,04)	R(0,08,-0,25,-0,02)
19:36:24.764	L(-0,10,-0,57,0,04)	R(0,07,-0,26,-0,01)
19:36:25.790	L(-0,10,-0,57,0,04)	R(0,08,-0,26,-0,03)
19:36:26.809	L(-0,10,-0,57,0,04)	R(0,09,-0,26,-0,03)
19:36:27.854	L(-0,10,-0,57,0,04)	R(0,09,-0,26,-0,05)
19:36:28.885	L(-0,10,-0,57,0,04)	R(0,08,-0,25,-0,05)
19:36:29.927	L(-0,10,-0,57,0,04)	R(0,08,-0,25,-0,05)
19:36:30.966	L(-0,10,-0,57,0,04)	R(0,08,-0,26,-0,05)
19:36:32.003	L(-0,10,-0,57,0,04)	R(0,09,-0,22,-0,02)
19:36:33.048	L(-0,10,-0,57,0,04)	R(0,10,-0,25,0,00)
19:36:34.093	L(-0,10,-0,57,0,04)	R(0,11,-0,25,0,00)
19:36:35.139	L(-0,10,-0,57,0,04)	R(0,11,-0,25,0,00)
19:36:36.150	L(-0,10,-0,57,0,04)	R(0,10,-0,25,-0,01)
19:36:37.193	L(-0,10,-0,57,0,04)	R(0,10,-0,25,-0,02)
19:36:38.251	L(-0,10,-0,57,0,04)	R(0,11,-0,25,-0,02)
19:36:39.280	L(-0,10,-0,57,0,04)	R(0,11,-0,25,-0,04)
19:36:40.313	L(-0,10,-0,57,0,04)	R(0,10,-0,26,-0,04)
19:36:41.360	L(-0,10,-0,57,0,04)	R(0,10,-0,26,-0,05)
19:36:42.419	L(-0,10,-0,57,0,04)	R(0,11,-0,26,-0,06)
19:36:43.474	L(-0,10,-0,57,0,04)	R(0,12,-0,24,-0,01)
19:36:44.533	L(-0,10,-0,57,0,04)	R(0,12,-0,25,0,00)
19:36:45.579	L(-0,10,-0,57,0,04)	R(0,14,-0,25,0,00)
19:36:46.636	L(-0,10,-0,57,0,04)	R(0,14,-0,25,-0,01)
19:36:47.690	L(-0,10,-0,57,0,04)	R(0,14,-0,25,-0,02)
19:36:48.737	L(-0,10,-0,57,0,04)	R(0,13,-0,25,-0,02)
19:36:49.793	L(-0,10,-0,57,0,04)	R(0,13,-0,24,-0,03)
19:36:50.827	L(-0,10,-0,57,0,04)	R(0,15,-0,22,-0,04)
19:36:51.871	L(-0,10,-0,57,0,04)	R(0,14,-0,22,-0,04)
19:36:52.928	L(-0,10,-0,57,0,04)	R(0,14,-0,23,-0,04)
19:36:53.971	L(-0,10,-0,57,0,04)	R(0,13,-0,23,-0,04)
19:36:55.030	L(-0,10,-0,57,0,04)	R(0,13,-0,23,-0,06)
19:36:56.073	L(-0,10,-0,57,0,04)	R(0,14,-0,23,-0,06)
19:36:57.144	L(-0,10,-0,57,0,04)	R(0,15,-0,23,-0,06)
19:36:58.203	L(-0,10,-0,57,0,04)	R(0,16,-0,23,0,00)
19:36:59.264	L(-0,10,-0,57,0,04)	R(0,16,-0,23,0,00)
19:37:00.304	L(-0,10,-0,57,0,04)	R(0,18,-0,24,0,00)
19:37:01.364	L(-0,10,-0,57,0,04)	R(0,16,-0,23,-0,02)
19:37:02.424	L(-0,10,-0,57,0,04)	R(0,16,-0,24,-0,02)
19:37:03.456	L(-0,10,-0,57,0,04)	R(0,18,-0,24,-0,02)
19:37:04.527	L(-0,10,-0,57,0,04)	R(0,18,-0,23,-0,03)
19:37:05.584	L(-0,10,-0,57,0,04)	R(0,18,-0,24,-0,04)
19:37:06.627	L(-0,10,-0,57,0,04)	R(0,16,-0,24,-0,04)
19:37:07.673	L(-0,10,-0,57,0,04)	R(0,16,-0,23,-0,05)
19:37:08.706	L(-0,10,-0,57,0,04)	R(0,16,-0,24,-0,06)
19:37:09.762	L(-0,10,-0,57,0,04)	R(0,18,-0,24,-0,06)
19:37:10.807	L(-0,10,-0,57,0,04)	R(0,19,-0,21,-0,05)
19:37:11.850	L(-0,10,-0,57,0,04)	R(0,27,-0,30,0,04)
19:37:12.910	L(-0,09,-0,57,0,04)	R(0,09,-0,35,-0,09)
19:37:13.933	L(-0,09,-0,57,0,04)	R(0,13,-0,17,0,00)
19:37:14.984	L(-0,09,-0,58,0,04)	R(0,04,-0,21,0,03)
19:37:16.003	L(-0,09,-0,58,0,04)	R(0,05,-0,21,0,03)
19:37:17.030	L(-0,09,-0,58,0,04)	R(0,04,-0,21,0,03)
19:37:18.051	L(-0,09,-0,58,0,04)	R(0,05,-0,21,0,03)
19:37:19.064	L(-0,09,-0,58,0,04)	R(0,04,-0,21,0,03)
19:37:20.093	L(-0,09,-0,58,0,04)	R(0,29,-0,22,0,11)
19:37:21.136	L(-0,09,-0,57,0,04)	R(0,24,-0,20,0,04)
19:37:22.169	L(-0,09,-0,58,0,04)	R(0,31,-0,31,-0,01)
19:37:23.237	L(-0,09,-0,57,0,04)	R(0,29,-0,31,0,15)
19:37:24.285	L(-0,09,-0,58,0,04)	R(0,00,-0,27,0,05)
19:37:25.329	L(-0,09,-0,58,0,04)	R(-0,01,-0,28,0,05)
19:37:26.386	L(-0,09,-0,58,0,04)	R(0,00,-0,27,0,04)
19:37:27.430	L(-0,09,-0,58,0,04)	R(0,31,-0,29,0,18)
19:37:28.477	L(-0,09,-0,58,0,04)	R(0,04,-0,25,0,04)
19:37:29.544	L(-0,09,-0,58,0,04)	R(0,03,-0,27,0,05)
19:37:30.578	L(-0,09,-0,58,0,04)	R(0,02,-0,27,0,05)
19:37:31.623	L(-0,09,-0,58,0,04)	R(0,03,-0,27,0,04)
19:37:32.663	L(-0,09,-0,58,0,04)	R(0,31,-0,29,0,17)
19:37:33.698	L(-0,09,-0,58,0,04)	R(0,08,-0,25,0,05)
19:37:34.757	L(-0,09,-0,58,0,04)	R(0,07,-0,27,0,05)
19:37:35.800	L(-0,09,-0,58,0,04)	R(0,07,-0,27,0,05)
19:37:36.830	L(-0,09,-0,58,0,04)	R(0,29,-0,29,0,17)
19:37:37.876	L(-0,09,-0,58,0,04)	R(0,12,-0,26,0,05)
19:37:38.889	L(-0,09,-0,58,0,04)	R(0,11,-0,27,0,05)
19:37:39.946	L(-0,09,-0,58,0,04)	R(0,26,-0,31,0,00)
19:37:40.979	L(-0,09,-0,58,0,04)	R(0,13,-0,17,0,02)
19:37:42.024	L(-0,09,-0,58,0,04)	R(0,04,-0,19,0,09)
19:37:43.083	L(-0,09,-0,58,0,04)	R(0,05,-0,21,0,10)
19:37:44.152	L(-0,09,-0,58,0,04)	R(0,07,-0,20,0,09)
19:37:45.199	L(-0,09,-0,58,0,04)	R(0,06,-0,20,0,09)
19:37:46.244	L(-0,09,-0,58,0,04)	R(0,05,-0,21,0,08)
19:37:47.288	L(-0,09,-0,58,0,04)	R(0,06,-0,20,0,07)
19:37:48.319	L(-0,09,-0,58,0,04)	R(0,07,-0,21,0,07)
19:37:49.348	L(-0,09,-0,58,0,04)	R(0,05,-0,20,0,06)
19:37:50.391	L(-0,09,-0,58,0,04)	R(0,06,-0,20,0,05)
19:37:51.434	L(-0,09,-0,58,0,04)	R(0,07,-0,22,0,05)
19:37:52.482	L(-0,09,-0,58,0,04)	R(0,06,-0,21,0,04)
19:37:53.498	L(-0,09,-0,58,0,04)	R(0,06,-0,21,0,04)
19:37:54.528	L(-0,09,-0,58,0,04)	R(0,07,-0,22,0,03)
19:37:55.558	L(-0,09,-0,58,0,04)	R(0,08,-0,20,0,03)
19:37:56.601	L(-0,09,-0,58,0,04)	R(0,09,-0,22,0,03)
19:37:57.647	L(-0,09,-0,58,0,04)	R(0,08,-0,20,0,04)
19:37:58.676	L(-0,09,-0,58,0,04)	R(0,08,-0,21,0,04)
19:37:59.721	L(-0,09,-0,58,0,04)	R(0,08,-0,21,0,06)
19:38:00.766	L(-0,09,-0,58,0,04)	R(0,08,-0,21,0,06)
19:38:01.809	L(-0,09,-0,58,0,04)	R(0,08,-0,21,0,09)
19:38:02.854	L(-0,09,-0,58,0,04)	R(0,09,-0,20,0,08)
19:38:03.910	L(-0,09,-0,58,0,04)	R(0,10,-0,22,0,08)
19:38:04.942	L(-0,09,-0,58,0,04)	R(0,10,-0,21,0,06)
19:38:05.973	L(-0,09,-0,58,0,04)	R(0,10,-0,21,0,06)
19:38:07.017	L(-0,09,-0,58,0,04)	R(0,10,-0,22,0,05)
19:38:08.048	L(-0,09,-0,58,0,04)	R(0,10,-0,21,0,03)
19:38:09.106	L(-0,09,-0,58,0,04)	R(0,10,-0,22,0,02)
19:38:10.133	L(-0,09,-0,58,0,04)	R(0,12,-0,23,0,02)
19:38:11.137	L(-0,09,-0,58,0,04)	R(0,11,-0,21,0,04)
19:38:12.184	L(-0,09,-0,58,0,04)	R(0,11,-0,22,0,04)
19:38:13.224	L(-0,09,-0,58,0,04)	R(0,11,-0,20,0,06)
19:38:14.281	L(-0,09,-0,58,0,04)	R(0,11,-0,21,0,06)
19:38:15.313	L(-0,09,-0,58,0,04)	R(0,11,-0,21,0,08)
19:38:16.372	L(-0,09,-0,58,0,04)	R(0,12,-0,20,0,08)
19:38:17.431	L(-0,09,-0,58,0,04)	R(0,13,-0,22,0,08)
19:38:18.490	L(-0,09,-0,58,0,04)	R(0,13,-0,21,0,06)
19:38:19.534	L(-0,09,-0,58,0,04)	R(0,13,-0,20,0,05)
19:38:20.590	L(-0,09,-0,58,0,04)	R(0,13,-0,22,0,04)
19:38:21.637	L(-0,09,-0,58,0,04)	R(0,13,-0,22,0,02)
19:38:22.691	L(-0,09,-0,58,0,04)	R(0,14,-0,20,0,02)
19:38:23.748	L(-0,09,-0,58,0,04)	R(0,15,-0,22,0,02)
19:38:24.807	L(-0,09,-0,58,0,04)	R(0,14,-0,22,0,04)
19:38:25.865	L(-0,09,-0,58,0,04)	R(0,14,-0,20,0,04)
19:38:26.909	L(-0,09,-0,58,0,04)	R(0,14,-0,22,0,05)
19:38:27.967	L(-0,09,-0,58,0,04)	R(0,14,-0,20,0,07)
19:38:29.014	L(-0,09,-0,58,0,04)	R(0,14,-0,21,0,07)
19:38:30.060	L(-0,09,-0,58,0,04)	R(0,16,-0,21,0,07)
19:38:31.104	L(-0,09,-0,58,0,04)	R(0,16,-0,21,0,05)
19:38:32.160	L(-0,09,-0,58,0,04)	R(0,16,-0,21,0,04)
19:38:33.217	L(-0,09,-0,58,0,04)	R(0,16,-0,22,0,03)
19:38:34.274	L(-0,09,-0,58,0,04)	R(0,16,-0,23,0,01)
19:38:35.308	L(-0,09,-0,58,0,04)	R(0,26,-0,31,0,04)
19:38:36.366	L(-0,09,-0,58,0,04)	R(0,08,-0,33,-0,07)
19:38:37.413	L(-0,09,-0,58,0,04)	R(0,06,-0,29,-0,05)
19:38:38.485	L(-0,09,-0,58,0,04)	R(0,02,-0,30,-0,02)
19:38:39.528	L(-0,09,-0,58,0,04)	R(0,02,-0,33,-0,01)
19:38:40.582	L(-0,09,-0,58,0,04)	R(0,13,-0,23,-0,08)
19:38:41.663	L(-0,09,-0,58,0,04)	R(0,12,-0,24,-0,08)
19:38:42.717	L(-0,09,-0,58,0,04)	R(0,12,-0,24,-0,08)
19:38:43.746	L(-0,09,-0,58,0,04)	R(0,12,-0,24,-0,08)
