17:26:54.218	L(-0,27,-0,26,0,16)	R(0,11,-0,26,0,23)
17:26:55.219	L(-0,29,-0,18,0,12)	R(0,18,-0,19,0,09)
17:26:56.221	L(-0,31,-0,22,0,11)	R(0,15,-0,26,0,11)
17:26:57.269	L(-0,26,-0,27,0,12)	R(0,17,-0,28,0,10)
17:26:58.315	L(-0,37,-0,29,0,00)	R(-0,16,-0,27,0,11)
17:26:59.323	L(-0,35,-0,33,-0,23)	R(-0,24,-0,37,0,02)
17:27:00.366	L(-0,19,-0,28,0,06)	R(0,09,-0,27,0,06)
17:27:01.371	L(-0,17,-0,28,0,06)	R(0,07,-0,26,0,05)
17:27:02.408	L(-0,27,-0,32,0,03)	R(0,01,-0,22,0,17)
17:27:03.438	L(-0,23,-0,46,-0,03)	R(-0,20,-0,22,0,49)
17:27:04.466	L(-0,24,-0,46,-0,01)	R(-0,19,-0,24,0,46)
17:27:05.495	L(-0,23,-0,46,-0,01)	R(-0,18,-0,23,0,45)
17:27:06.521	L(-0,21,-0,44,0,00)	R(-0,18,-0,17,0,33)
17:27:07.550	L(-0,21,-0,44,-0,01)	R(-0,21,-0,25,0,31)
17:27:08.577	L(-0,21,-0,44,-0,01)	R(-0,20,-0,26,0,32)
17:27:09.604	L(-0,23,-0,43,0,00)	R(-0,18,-0,29,0,19)
17:27:10.633	L(-0,26,-0,32,0,24)	R(-0,02,-0,43,0,09)
17:27:11.660	L(-0,26,-0,28,0,32)	R(-0,01,-0,45,0,07)
17:27:12.688	L(-0,31,-0,26,0,34)	R(-0,01,-0,45,0,08)
17:27:13.716	L(-0,34,-0,30,0,41)	R(0,03,-0,47,0,07)
17:27:14.743	L(-0,26,-0,28,0,29)	R(0,02,-0,47,0,06)
17:27:15.771	L(-0,30,-0,25,0,33)	R(0,02,-0,47,0,07)
17:27:16.799	L(-0,33,-0,26,0,36)	R(0,02,-0,48,0,07)
17:27:17.826	L(-0,27,-0,28,0,29)	R(0,03,-0,48,0,05)
17:27:18.854	L(-0,29,-0,59,0,02)	R(0,04,-0,18,0,42)
17:27:19.881	L(-0,26,-0,64,-0,05)	R(-0,16,-0,27,0,50)
17:27:20.909	L(-0,21,-0,64,-0,02)	R(-0,02,-0,20,0,42)
17:27:21.937	L(-0,20,-0,63,-0,03)	R(-0,04,-0,24,0,40)
17:27:22.965	L(-0,20,-0,64,-0,02)	R(-0,05,-0,26,0,41)
17:27:23.992	L(-0,22,-0,64,-0,04)	R(-0,10,-0,24,0,48)
17:27:25.021	L(-0,19,-0,64,-0,06)	R(-0,04,-0,25,0,41)
17:27:26.048	L(-0,19,-0,64,-0,05)	R(-0,05,-0,25,0,41)
17:27:27.076	L(-0,22,-0,64,-0,04)	R(-0,12,-0,25,0,50)
17:27:28.104	L(-0,20,-0,64,-0,05)	R(-0,05,-0,24,0,36)
17:27:29.131	L(-0,20,-0,64,-0,05)	R(-0,05,-0,25,0,37)
17:27:30.159	L(-0,22,-0,64,-0,06)	R(-0,16,-0,25,0,55)
17:27:31.186	L(-0,22,-0,65,-0,04)	R(-0,04,-0,22,0,34)
17:27:32.215	L(-0,21,-0,65,-0,05)	R(-0,05,-0,26,0,33)
17:27:33.241	L(-0,35,-0,20,0,37)	R(0,03,-0,21,0,41)
17:27:34.268	L(-0,27,-0,24,0,36)	R(0,14,-0,43,0,11)
17:27:35.297	L(-0,22,-0,27,0,35)	R(0,12,-0,47,0,09)
17:27:36.325	L(-0,27,-0,27,0,32)	R(0,15,-0,45,0,08)
17:27:37.353	L(-0,36,-0,35,0,19)	R(0,49,-0,19,0,09)
17:27:38.367	L(-0,37,-0,32,0,20)	R(0,48,-0,20,0,09)
17:27:39.388	L(-0,34,-0,27,0,24)	R(0,17,-0,42,0,05)
17:27:40.407	L(-0,33,-0,30,0,42)	R(0,12,-0,47,0,06)
17:27:41.436	L(-0,21,-0,26,0,32)	R(0,11,-0,49,0,06)
17:27:42.463	L(-0,21,-0,27,0,32)	R(0,12,-0,49,0,06)
17:27:43.491	L(-0,34,-0,25,0,44)	R(0,12,-0,48,0,04)
17:27:44.519	L(-0,32,-0,22,0,32)	R(0,08,-0,48,0,05)
17:27:45.546	L(-0,21,-0,27,0,30)	R(0,10,-0,48,0,04)
17:27:46.574	L(-0,21,-0,27,0,30)	R(0,11,-0,48,0,04)
17:27:47.602	L(-0,34,-0,31,0,40)	R(0,11,-0,50,0,04)
17:27:48.629	L(-0,22,-0,27,0,29)	R(0,07,-0,50,0,03)
17:27:49.657	L(-0,25,-0,55,0,03)	R(0,03,-0,20,0,43)
17:27:50.684	L(-0,27,-0,65,-0,04)	R(-0,04,-0,21,0,46)
17:27:51.713	L(-0,24,-0,64,-0,05)	R(-0,01,-0,27,0,40)
17:27:52.740	L(-0,24,-0,64,-0,06)	R(-0,09,-0,24,0,50)
17:27:53.768	L(-0,21,-0,64,-0,07)	R(-0,02,-0,26,0,37)
17:27:54.796	L(-0,21,-0,64,-0,06)	R(-0,02,-0,27,0,38)
17:27:55.823	L(-0,23,-0,64,-0,06)	R(-0,17,-0,30,0,50)
17:27:56.851	L(-0,20,-0,64,-0,06)	R(0,00,-0,25,0,35)
17:27:57.879	L(-0,20,-0,64,-0,06)	R(-0,01,-0,26,0,36)
17:27:58.906	L(-0,24,-0,64,-0,09)	R(-0,16,-0,30,0,48)
17:27:59.934	L(-0,21,-0,64,-0,05)	R(0,00,-0,24,0,33)
17:28:00.962	L(-0,21,-0,64,-0,03)	R(0,01,-0,27,0,30)
17:28:01.990	L(-0,16,-0,63,0,05)	R(0,51,-0,17,0,09)
17:28:03.042	L(-0,39,-0,26,0,48)	R(0,04,-0,51,0,02)
17:28:04.072	L(-0,21,-0,22,0,35)	R(0,08,-0,54,0,14)
17:28:05.100	L(-0,17,-0,28,0,35)	R(0,09,-0,55,0,13)
17:28:06.127	L(-0,33,-0,31,0,42)	R(0,09,-0,55,0,09)
17:28:07.156	L(-0,18,-0,27,0,32)	R(0,10,-0,55,0,07)
17:28:08.184	L(-0,18,-0,28,0,33)	R(0,11,-0,55,0,07)
17:28:09.210	L(-0,33,-0,31,0,43)	R(0,10,-0,55,0,07)
17:28:10.239	L(-0,22,-0,24,0,33)	R(0,09,-0,55,0,07)
17:28:11.267	L(-0,18,-0,28,0,31)	R(0,09,-0,56,0,07)
17:28:12.295	L(-0,34,-0,31,0,40)	R(0,08,-0,55,0,07)
17:28:13.322	L(-0,18,-0,28,0,29)	R(0,09,-0,56,0,05)
17:28:14.349	L(-0,29,-0,24,0,35)	R(0,10,-0,56,0,06)
17:28:15.377	L(-0,28,-0,22,0,35)	R(0,08,-0,55,0,06)
17:28:16.405	L(-0,29,-0,23,0,27)	R(0,03,-0,41,0,14)
17:28:17.432	L(-0,08,-0,15,0,45)	R(0,16,-0,28,0,38)
17:28:18.460	L(-0,41,-0,28,0,12)	R(0,16,-0,24,0,45)
17:28:19.488	L(-0,34,-0,43,0,08)	R(0,03,-0,24,0,37)
17:28:20.516	L(-0,33,-0,43,0,08)	R(0,03,-0,26,0,38)
17:28:21.543	L(-0,25,-0,52,0,02)	R(-0,13,-0,24,0,50)
17:28:22.571	L(-0,22,-0,52,0,06)	R(0,03,-0,25,0,38)
17:28:23.599	L(-0,22,-0,52,0,06)	R(-0,10,-0,19,0,52)
17:28:24.627	L(-0,21,-0,53,0,05)	R(0,02,-0,19,0,43)
17:28:25.655	L(-0,20,-0,53,0,05)	R(0,03,-0,26,0,36)
17:28:26.682	L(-0,21,-0,53,0,03)	R(-0,16,-0,29,0,51)
17:28:27.709	L(-0,19,-0,53,0,06)	R(0,05,-0,24,0,33)
17:28:28.737	L(-0,18,-0,52,0,06)	R(0,05,-0,26,0,30)
17:28:29.748	L(-0,07,-0,50,0,08)	R(0,52,-0,17,0,05)
17:28:30.779	L(-0,33,-0,26,0,18)	R(0,07,-0,35,0,17)
17:28:31.820	L(-0,29,-0,25,0,40)	R(0,01,-0,52,0,06)
17:28:32.848	L(-0,14,-0,26,0,37)	R(0,05,-0,53,0,06)
17:28:33.877	L(-0,14,-0,27,0,36)	R(0,04,-0,53,0,06)
17:28:34.903	L(-0,30,-0,27,0,41)	R(0,02,-0,54,0,06)
17:28:35.931	L(-0,13,-0,27,0,33)	R(0,04,-0,54,0,05)
17:28:36.959	L(-0,13,-0,27,0,34)	R(0,05,-0,55,0,04)
17:28:37.995	L(-0,33,-0,14,0,36)	R(0,04,-0,53,0,06)
17:28:39.031	L(-0,29,-0,25,0,38)	R(0,03,-0,55,0,06)
17:28:40.070	L(-0,13,-0,26,0,30)	R(0,06,-0,56,0,01)
17:28:41.098	L(-0,13,-0,27,0,30)	R(0,07,-0,55,0,00)
17:28:42.126	L(-0,14,-0,27,0,31)	R(0,07,-0,56,0,01)
17:28:43.152	L(-0,34,-0,29,0,42)	R(0,03,-0,56,0,08)
17:28:44.181	L(-0,14,-0,26,0,30)	R(0,05,-0,56,0,03)
17:28:45.208	L(-0,15,-0,26,0,23)	R(0,06,-0,53,0,06)
17:28:46.236	L(-0,21,-0,63,-0,03)	R(-0,16,-0,28,0,51)
17:28:47.264	L(-0,17,-0,63,0,01)	R(0,07,-0,26,0,40)
17:28:48.292	L(-0,18,-0,63,-0,01)	R(-0,13,-0,23,0,56)
17:28:49.319	L(-0,17,-0,63,0,01)	R(0,07,-0,19,0,39)
17:28:50.347	L(-0,17,-0,63,0,01)	R(0,07,-0,26,0,38)
17:28:51.374	L(-0,19,-0,62,-0,02)	R(-0,15,-0,27,0,54)
17:28:52.402	L(-0,20,-0,65,0,01)	R(0,08,-0,20,0,36)
17:28:53.430	L(-0,20,-0,65,0,01)	R(0,07,-0,27,0,35)
17:28:54.457	L(-0,22,-0,65,-0,03)	R(-0,17,-0,30,0,50)
17:28:55.485	L(-0,19,-0,65,0,02)	R(0,07,-0,26,0,33)
17:28:56.513	L(-0,19,-0,64,0,01)	R(0,06,-0,16,0,40)
17:28:57.540	L(-0,37,-0,38,0,11)	R(0,07,-0,14,0,42)
17:28:58.567	L(-0,32,-0,30,0,42)	R(0,23,-0,36,0,19)
17:28:59.596	L(-0,12,-0,23,0,36)	R(0,17,-0,48,0,13)
17:29:00.624	L(-0,10,-0,26,0,36)	R(0,17,-0,48,0,11)
17:29:01.652	L(-0,09,-0,27,0,36)	R(0,17,-0,49,0,11)
17:29:02.678	L(-0,35,-0,20,0,43)	R(0,13,-0,51,0,12)
17:29:03.707	L(-0,33,-0,28,0,41)	R(0,12,-0,51,0,11)
17:29:04.734	L(-0,09,-0,25,0,34)	R(0,13,-0,51,0,09)
17:29:05.762	L(-0,09,-0,27,0,34)	R(0,13,-0,50,0,09)
17:29:06.790	L(-0,10,-0,26,0,33)	R(0,13,-0,50,0,09)
17:29:07.818	L(-0,36,-0,28,0,40)	R(0,07,-0,52,0,06)
17:29:08.845	L(-0,10,-0,21,0,32)	R(0,08,-0,52,0,07)
17:29:09.873	L(-0,09,-0,27,0,31)	R(0,11,-0,52,0,06)
17:29:10.900	L(-0,33,-0,28,0,39)	R(0,05,-0,53,0,08)
17:29:11.928	L(-0,11,-0,23,0,29)	R(0,04,-0,53,0,07)
17:29:12.957	L(-0,10,-0,27,0,30)	R(0,06,-0,53,0,06)
17:29:13.983	L(-0,14,-0,32,0,12)	R(0,07,-0,50,0,09)
17:29:15.012	L(-0,60,-0,10,0,11)	R(0,39,-0,07,0,18)
17:29:16.039	L(-0,37,-0,31,0,13)	R(0,12,-0,13,0,32)
17:29:17.066	L(-0,18,-0,58,0,03)	R(-0,16,-0,30,0,52)
17:29:18.095	L(-0,14,-0,54,0,06)	R(0,11,-0,26,0,39)
17:29:19.123	L(-0,13,-0,50,0,07)	R(0,17,-0,21,0,29)
17:29:20.150	L(-0,21,-0,21,0,16)	R(0,10,-0,24,0,17)
17:29:21.177	L(-0,33,-0,15,0,16)	R(0,24,-0,18,0,17)
17:29:22.205	L(-0,27,-0,29,0,08)	R(-0,14,-0,19,0,18)
17:29:23.233	L(-0,27,-0,36,0,09)	R(-0,12,-0,28,0,19)
17:29:24.261	L(-0,29,-0,47,0,03)	R(-0,20,-0,24,0,47)
17:29:25.288	L(-0,21,-0,45,0,07)	R(0,11,-0,18,0,35)
17:29:26.316	L(-0,15,-0,44,0,05)	R(0,12,-0,27,0,37)
17:29:27.343	L(-0,22,-0,45,0,04)	R(-0,14,-0,16,0,52)
17:29:28.371	L(-0,23,-0,45,0,07)	R(0,05,-0,10,0,41)
17:29:29.399	L(-0,17,-0,44,0,05)	R(0,11,-0,27,0,34)
17:29:30.426	L(-0,23,-0,44,0,02)	R(-0,01,-0,13,0,49)
17:29:31.454	L(-0,27,-0,47,0,05)	R(-0,03,-0,09,0,47)
17:29:32.482	L(-0,18,-0,45,0,06)	R(0,11,-0,25,0,31)
17:29:33.510	L(-0,20,-0,38,0,10)	R(0,14,-0,09,0,23)
17:29:34.537	L(-0,19,-0,36,0,06)	R(-0,05,-0,42,0,06)
17:29:35.566	L(-0,23,-0,30,0,08)	R(-0,08,-0,34,0,10)
17:29:36.572	L(-0,33,-0,36,0,04)	R(-0,23,-0,38,0,07)
17:29:37.576	L(-0,09,-0,31,0,01)	R(0,01,-0,40,0,00)
17:29:38.580	L(-0,06,-0,36,0,03)	R(0,44,-0,29,0,02)
17:29:39.597	L(-0,13,-0,32,0,01)	R(-0,04,-0,43,0,01)
17:29:40.621	L(-0,34,-0,28,0,12)	R(-0,12,-0,39,-0,01)
17:29:41.649	L(-0,35,-0,23,0,27)	R(-0,09,-0,42,0,01)
17:29:42.676	L(-0,08,-0,23,0,24)	R(-0,02,-0,43,-0,01)
17:29:43.691	L(-0,08,-0,28,0,25)	R(0,00,-0,44,0,00)
17:29:44.703	L(-0,24,-0,19,0,11)	R(-0,04,-0,43,0,04)
17:29:45.711	L(-0,38,-0,04,0,09)	R(0,24,-0,02,0,09)
17:29:46.761	L(-0,53,-0,08,0,15)	R(0,17,-0,03,0,25)
17:29:47.788	L(-0,50,-0,08,0,18)	R(0,14,-0,03,0,24)
17:29:48.816	L(-0,49,-0,12,0,17)	R(0,20,-0,06,0,23)
17:29:49.844	L(-0,60,-0,19,0,07)	R(0,12,-0,05,0,27)
17:29:50.870	L(-0,44,-0,22,0,18)	R(0,19,-0,14,0,02)
17:29:51.893	L(-0,37,-0,22,0,18)	R(0,38,-0,27,0,03)
17:29:52.900	L(-0,37,-0,22,0,19)	R(0,32,-0,25,0,07)
17:29:53.927	L(-0,37,-0,23,0,19)	R(0,30,-0,25,0,06)
17:29:54.982	L(-0,34,-0,23,0,17)	R(0,50,-0,29,0,08)
17:29:56.009	L(-0,38,-0,24,0,14)	R(0,09,-0,32,0,08)
17:29:57.023	L(-0,38,-0,25,0,13)	R(0,16,-0,24,0,13)
17:29:58.064	L(-0,40,-0,32,0,07)	R(0,03,-0,17,0,23)
17:29:59.092	L(-0,44,-0,33,0,10)	R(-0,16,-0,24,0,23)
17:30:00.119	L(-0,45,-0,35,0,12)	R(-0,17,-0,30,0,26)
17:30:01.161	L(-0,38,-0,37,0,12)	R(0,12,-0,28,0,32)
17:30:02.202	L(-0,37,-0,35,0,11)	R(-0,11,-0,28,0,23)
17:30:03.244	L(-0,38,-0,35,0,12)	R(-0,12,-0,31,0,26)
17:30:04.286	L(-0,34,-0,36,0,12)	R(0,16,-0,34,0,35)
17:30:05.327	L(-0,36,-0,36,0,10)	R(-0,07,-0,28,0,25)
17:30:06.369	L(-0,37,-0,36,0,11)	R(-0,09,-0,31,0,27)
17:30:07.410	L(-0,36,-0,34,0,14)	R(0,19,-0,28,0,43)
17:30:08.451	L(-0,29,-0,34,0,16)	R(0,04,-0,25,0,25)
17:30:09.494	L(-0,32,-0,36,0,18)	R(-0,04,-0,30,0,27)
17:30:10.535	L(-0,32,-0,35,0,16)	R(0,17,-0,26,0,39)
17:30:11.577	L(-0,31,-0,35,0,15)	R(0,06,-0,25,0,25)
17:30:12.619	L(-0,32,-0,36,0,16)	R(0,00,-0,30,0,26)
17:30:13.660	L(-0,30,-0,34,0,16)	R(0,02,-0,33,0,19)
17:30:14.702	L(-0,17,-0,37,0,24)	R(0,05,-0,44,0,08)
17:30:15.744	L(-0,15,-0,36,0,26)	R(0,05,-0,46,0,08)
17:30:16.785	L(-0,14,-0,34,0,25)	R(0,06,-0,47,0,07)
17:30:17.827	L(-0,13,-0,33,0,28)	R(0,05,-0,47,0,09)
17:30:18.868	L(-0,12,-0,31,0,33)	R(0,06,-0,48,0,09)
17:30:19.909	L(-0,12,-0,31,0,33)	R(0,05,-0,48,0,10)
17:30:20.951	L(-0,12,-0,31,0,33)	R(0,05,-0,48,0,10)
17:30:21.993	L(-0,15,-0,39,0,20)	R(0,06,-0,45,0,13)
17:30:23.034	L(-0,18,-0,50,0,11)	R(0,12,-0,32,0,28)
17:30:24.077	L(-0,18,-0,50,0,11)	R(0,12,-0,31,0,28)
17:30:25.118	L(-0,19,-0,50,0,11)	R(0,09,-0,28,0,29)
17:30:26.161	L(-0,12,-0,50,0,13)	R(0,46,-0,18,0,10)
17:30:27.186	L(-0,15,-0,50,0,10)	R(0,24,-0,25,0,14)
17:30:28.207	L(-0,18,-0,47,0,10)	R(0,17,-0,29,0,18)
17:30:29.255	L(-0,18,-0,48,0,08)	R(0,12,-0,30,0,25)
17:30:30.298	L(-0,18,-0,48,0,08)	R(0,11,-0,32,0,28)
17:30:31.340	L(-0,19,-0,48,0,09)	R(0,12,-0,29,0,29)
17:30:32.381	L(-0,19,-0,49,0,09)	R(0,07,-0,24,0,27)
17:30:33.421	L(-0,21,-0,49,0,10)	R(-0,01,-0,29,0,26)
17:30:34.464	L(-0,20,-0,49,0,10)	R(0,00,-0,29,0,27)
17:30:35.505	L(-0,21,-0,45,0,13)	R(0,00,-0,30,0,22)
17:30:36.547	L(-0,23,-0,34,0,25)	R(0,01,-0,44,0,08)
17:30:37.575	L(-0,24,-0,35,0,26)	R(0,00,-0,44,0,09)
17:30:38.617	L(-0,19,-0,30,0,27)	R(0,00,-0,44,0,09)
17:30:39.658	L(-0,23,-0,32,0,19)	R(-0,04,-0,47,0,20)
17:30:40.702	L(-0,24,-0,48,0,10)	R(-0,01,-0,42,0,29)
17:30:41.744	L(-0,24,-0,51,0,11)	R(-0,04,0,01,0,29)
17:30:42.757	L(-0,26,-0,53,0,08)	R(-0,09,-0,15,0,28)
17:30:43.796	L(-0,26,-0,54,0,07)	R(-0,09,-0,17,0,26)
17:30:44.823	L(-0,25,-0,45,0,09)	R(0,06,-0,18,0,09)
17:30:45.865	L(-0,29,0,00,0,26)	R(0,24,-0,05,0,18)
17:30:46.907	L(-0,26,-0,08,0,15)	R(0,23,-0,49,0,15)
17:30:47.948	L(-0,27,-0,19,0,11)	R(0,08,-0,26,0,20)
17:30:48.990	L(-0,26,-0,20,0,07)	R(0,04,-0,17,0,11)
17:30:50.032	L(-0,24,-0,29,0,11)	R(0,06,-0,51,0,14)
17:30:51.074	L(-0,23,-0,34,0,10)	R(-0,03,-0,18,0,11)
17:30:52.102	L(-0,37,-0,25,0,18)	R(0,11,-0,23,0,19)
17:30:53.129	L(-0,32,-0,21,0,19)	R(0,12,-0,23,0,14)
17:30:54.159	L(-0,29,-0,21,0,18)	R(0,33,-0,18,0,09)
17:30:55.185	L(-0,30,-0,23,0,17)	R(0,19,-0,24,0,11)
17:30:56.212	L(-0,34,-0,26,0,11)	R(0,20,-0,29,0,37)
17:30:57.253	L(-0,37,-0,28,0,13)	R(0,02,-0,13,0,25)
17:30:58.295	L(-0,38,-0,30,0,16)	R(-0,11,-0,16,0,24)
17:30:59.338	L(-0,38,-0,33,0,18)	R(-0,15,-0,23,0,28)
17:31:00.378	L(-0,38,-0,33,0,18)	R(-0,15,-0,23,0,28)
17:31:01.419	L(-0,37,-0,31,0,18)	R(-0,03,-0,22,0,19)
17:31:02.461	L(-0,30,-0,31,0,16)	R(0,10,-0,21,0,29)
17:31:03.503	L(-0,38,-0,32,0,16)	R(-0,12,-0,23,0,28)
17:31:04.544	L(-0,36,-0,32,0,17)	R(-0,10,-0,25,0,26)
17:31:05.586	L(-0,30,-0,32,0,17)	R(0,14,-0,27,0,33)
17:31:06.627	L(-0,35,-0,32,0,15)	R(-0,07,-0,24,0,28)
17:31:07.668	L(-0,34,-0,33,0,16)	R(-0,06,-0,25,0,27)
17:31:08.668	L(-0,30,-0,32,0,16)	R(0,14,-0,30,0,36)
17:31:09.710	L(-0,34,-0,32,0,16)	R(-0,03,-0,25,0,28)
17:31:10.751	L(-0,32,-0,32,0,16)	R(-0,02,-0,26,0,28)
17:31:11.753	L(-0,24,-0,30,0,15)	R(0,02,-0,32,0,14)
17:31:12.794	L(-0,17,-0,31,0,11)	R(0,09,-0,35,0,10)
17:31:13.822	L(-0,06,-0,33,0,07)	R(0,21,-0,35,0,00)
17:31:14.865	L(-0,06,-0,36,0,06)	R(0,51,-0,29,0,04)
17:31:15.891	L(-0,20,-0,37,0,09)	R(0,11,-0,37,0,10)
17:31:16.933	L(-0,24,-0,42,0,03)	R(0,05,-0,38,0,06)
17:31:17.960	L(-0,25,-0,31,0,16)	R(0,18,-0,33,0,19)
17:31:19.002	L(-0,34,-0,26,0,16)	R(0,19,-0,16,0,36)
17:31:20.041	L(-0,33,-0,34,0,13)	R(0,00,-0,29,0,54)
17:31:21.043	L(-0,31,-0,37,0,10)	R(0,04,-0,05,0,40)
17:31:22.085	L(-0,33,-0,39,0,12)	R(-0,07,-0,17,0,32)
17:31:23.127	L(-0,33,-0,39,0,13)	R(-0,07,-0,19,0,33)
17:31:24.168	L(-0,33,-0,39,0,12)	R(-0,07,-0,19,0,30)
17:31:25.210	L(-0,32,-0,39,0,12)	R(-0,08,-0,19,0,28)
17:31:26.251	L(-0,32,-0,39,0,12)	R(-0,08,-0,19,0,27)
17:31:27.293	L(-0,31,-0,39,0,12)	R(-0,06,-0,19,0,26)
17:31:28.335	L(-0,32,-0,39,0,13)	R(-0,06,-0,19,0,28)
17:31:29.377	L(-0,32,-0,39,0,13)	R(-0,06,-0,19,0,32)
17:31:30.417	L(-0,31,-0,39,0,14)	R(-0,05,-0,19,0,32)
17:31:31.459	L(-0,31,-0,39,0,14)	R(-0,05,-0,19,0,30)
17:31:32.501	L(-0,31,-0,39,0,13)	R(-0,05,-0,19,0,27)
17:31:33.542	L(-0,30,-0,39,0,13)	R(-0,04,-0,19,0,26)
17:31:34.584	L(-0,28,-0,39,0,14)	R(-0,03,-0,19,0,25)
17:31:35.625	L(-0,28,-0,40,0,13)	R(-0,03,-0,19,0,28)
17:31:36.667	L(-0,28,-0,40,0,13)	R(-0,03,-0,19,0,30)
17:31:37.708	L(-0,26,-0,41,0,12)	R(-0,02,-0,19,0,31)
17:31:38.764	L(-0,25,-0,41,0,12)	R(-0,02,-0,19,0,28)
17:31:39.805	L(-0,25,-0,41,0,11)	R(-0,01,-0,18,0,26)
17:31:40.847	L(-0,24,-0,41,0,12)	R(0,01,-0,20,0,31)
17:31:41.888	L(-0,24,-0,41,0,12)	R(0,01,-0,18,0,26)
17:31:42.944	L(-0,23,-0,41,0,12)	R(0,02,-0,19,0,24)
17:31:43.985	L(-0,22,-0,41,0,13)	R(0,02,-0,19,0,26)
17:31:45.041	L(-0,23,-0,41,0,12)	R(0,02,-0,19,0,29)
17:31:46.041	L(-0,23,-0,41,0,11)	R(0,02,-0,19,0,30)
17:31:47.096	L(-0,23,-0,41,0,13)	R(0,03,-0,19,0,31)
17:31:48.151	L(-0,22,-0,41,0,12)	R(0,04,-0,19,0,30)
17:31:49.207	L(-0,22,-0,41,0,12)	R(0,04,-0,19,0,27)
17:31:50.207	L(-0,22,-0,41,0,12)	R(0,04,-0,19,0,27)
17:31:51.207	L(-0,22,-0,41,0,11)	R(0,03,-0,19,0,25)
17:31:52.248	L(-0,23,-0,41,0,11)	R(0,03,-0,19,0,23)
17:31:53.248	L(-0,22,-0,41,0,11)	R(0,11,-0,17,0,22)
17:31:54.289	L(-0,15,-0,41,0,13)	R(0,29,-0,25,0,28)
17:31:55.289	L(-0,14,-0,38,0,12)	R(0,08,-0,41,0,13)
17:31:56.332	L(-0,25,-0,24,0,17)	R(-0,05,-0,30,0,16)
17:31:57.360	L(-0,25,-0,38,0,12)	R(-0,01,-0,29,0,23)
17:31:58.400	L(-0,26,-0,39,0,11)	R(-0,01,-0,29,0,27)
17:31:59.442	L(-0,25,-0,37,0,08)	R(-0,06,-0,35,0,26)
17:32:00.484	L(-0,24,-0,37,0,10)	R(-0,02,-0,35,0,26)
17:32:01.525	L(-0,20,-0,40,0,09)	R(0,01,-0,32,0,26)
17:32:02.568	L(-0,25,-0,40,0,09)	R(-0,02,-0,33,0,28)
17:32:03.608	L(-0,26,-0,38,0,11)	R(-0,02,-0,31,0,28)
17:32:04.608	L(-0,26,-0,38,0,11)	R(-0,02,-0,31,0,27)
17:32:05.650	L(-0,25,-0,37,0,10)	R(-0,02,-0,31,0,27)
17:32:06.692	L(-0,25,-0,38,0,10)	R(-0,02,-0,31,0,28)
17:32:07.734	L(-0,25,-0,38,0,10)	R(-0,02,-0,31,0,28)
17:32:08.775	L(-0,25,-0,37,0,11)	R(-0,01,-0,31,0,28)
17:32:09.817	L(-0,25,-0,36,0,11)	R(-0,01,-0,31,0,27)
17:32:10.858	L(-0,26,-0,36,0,10)	R(-0,02,-0,30,0,26)
17:32:11.903	L(-0,28,-0,35,0,12)	R(-0,02,-0,30,0,26)
17:32:12.955	L(-0,29,-0,33,0,14)	R(-0,01,-0,28,0,26)
17:32:13.984	L(-0,27,-0,32,0,14)	R(-0,01,-0,29,0,26)
17:32:15.039	L(-0,26,-0,35,0,14)	R(0,00,-0,27,0,27)
17:32:16.093	L(-0,26,-0,33,0,14)	R(-0,01,-0,30,0,24)
17:32:17.124	L(-0,10,-0,37,0,09)	R(0,50,-0,28,0,07)
17:32:18.150	L(-0,24,-0,19,0,07)	R(0,08,-0,26,0,09)
17:32:19.179	L(-0,25,-0,26,0,09)	R(-0,01,-0,32,0,12)
17:32:20.206	L(-0,20,-0,26,0,07)	R(-0,01,-0,30,0,13)
17:32:21.233	L(-0,19,-0,24,0,10)	R(-0,03,-0,27,0,09)
17:32:22.262	L(-0,34,-0,22,0,09)	R(-0,20,-0,27,0,09)
17:32:23.288	L(-0,31,-0,28,0,15)	R(0,18,-0,30,0,05)
17:32:24.317	L(-0,33,-0,25,0,14)	R(0,21,-0,34,0,03)
17:32:25.344	L(-0,30,-0,33,0,10)	R(0,00,-0,33,0,13)
17:32:26.399	L(-0,28,-0,44,0,01)	R(-0,03,-0,37,0,31)
17:32:27.441	L(-0,28,-0,42,0,03)	R(-0,07,-0,33,0,28)
17:32:28.483	L(-0,25,-0,48,0,04)	R(-0,03,-0,34,0,28)
17:32:29.525	L(-0,16,-0,57,0,04)	R(0,00,-0,35,0,30)
17:32:30.566	L(-0,17,-0,57,0,04)	R(-0,02,-0,33,0,31)
17:32:31.607	L(-0,19,-0,46,0,04)	R(0,00,-0,27,0,20)
17:32:32.649	L(-0,11,-0,38,0,02)	R(0,25,-0,29,0,25)
17:32:33.691	L(-0,06,-0,39,0,05)	R(0,30,-0,30,0,26)
17:32:34.732	L(-0,06,-0,37,0,06)	R(0,32,-0,12,0,22)
17:32:35.774	L(-0,08,-0,38,0,06)	R(0,28,-0,27,0,29)
17:32:36.816	L(-0,13,-0,38,0,07)	R(0,23,-0,25,0,20)
17:32:37.857	L(-0,22,-0,33,0,07)	R(0,03,-0,17,0,13)
17:32:38.885	L(-0,24,-0,26,0,10)	R(0,08,-0,23,0,18)
17:32:39.926	L(-0,22,-0,33,0,03)	R(0,03,-0,26,0,23)
17:32:40.968	L(-0,25,-0,31,0,07)	R(-0,01,-0,25,0,22)
17:32:42.008	L(-0,27,-0,35,0,07)	R(-0,02,-0,29,0,23)
17:32:43.050	L(-0,29,-0,38,0,07)	R(-0,05,-0,32,0,26)
17:32:44.092	L(-0,29,-0,38,0,07)	R(-0,04,-0,31,0,26)
17:32:45.134	L(-0,23,-0,34,0,09)	R(0,02,-0,28,0,20)
17:32:46.175	L(-0,15,-0,29,0,14)	R(0,02,-0,27,0,21)
17:32:47.218	L(-0,22,-0,32,0,10)	R(-0,01,-0,34,0,13)
17:32:48.246	L(-0,31,-0,33,0,07)	R(-0,09,-0,27,0,19)
17:32:49.286	L(-0,27,-0,40,0,04)	R(-0,03,-0,31,0,26)
17:32:50.327	L(-0,26,-0,29,0,13)	R(-0,07,-0,28,0,14)
17:32:51.356	L(-0,22,-0,25,0,12)	R(-0,01,-0,15,0,18)
17:32:52.398	L(-0,19,-0,22,0,11)	R(-0,07,-0,23,0,16)
17:32:53.439	L(-0,19,-0,27,0,17)	R(0,11,-0,27,0,18)
17:32:54.482	L(-0,20,-0,35,0,11)	R(-0,04,-0,41,0,13)
17:32:55.508	L(-0,16,-0,32,0,09)	R(0,00,-0,13,0,18)
17:32:56.550	L(-0,30,-0,29,0,11)	R(-0,08,-0,29,0,19)
17:32:57.579	L(-0,28,-0,31,0,09)	R(-0,20,-0,33,0,12)
17:32:58.619	L(-0,28,-0,26,0,15)	R(-0,16,-0,35,0,16)
17:32:59.661	L(-0,33,-0,26,0,10)	R(-0,17,-0,21,0,19)
17:33:00.703	L(-0,39,-0,25,0,12)	R(-0,21,-0,19,0,21)
17:33:01.729	L(-0,34,-0,35,0,10)	R(-0,03,-0,32,0,25)
17:33:02.771	L(-0,32,-0,36,0,09)	R(-0,07,-0,30,0,26)
17:33:03.812	L(-0,32,-0,36,0,09)	R(-0,07,-0,29,0,26)
17:33:04.855	L(-0,52,-0,24,0,20)	R(0,02,-0,23,0,20)
17:33:05.882	L(-0,29,-0,32,0,12)	R(-0,04,-0,28,0,24)
17:33:06.924	L(-0,31,-0,35,0,12)	R(-0,13,-0,34,0,17)
17:33:07.966	L(-0,31,-0,27,0,18)	R(-0,12,-0,25,0,17)
17:33:09.007	L(-0,17,-0,26,0,14)	R(-0,03,-0,27,0,16)
17:33:10.048	L(-0,29,-0,23,0,11)	R(0,14,-0,24,0,18)
17:33:11.091	L(-0,31,-0,36,0,07)	R(-0,13,-0,19,0,17)
17:33:12.133	L(-0,35,-0,27,0,09)	R(-0,18,-0,26,0,15)
17:33:13.159	L(-0,28,-0,28,0,14)	R(-0,12,-0,28,0,16)
17:33:14.201	L(-0,32,-0,26,0,13)	R(-0,03,-0,23,0,13)
17:33:15.229	L(-0,28,-0,26,0,11)	R(-0,11,-0,27,0,13)
17:33:16.270	L(-0,34,-0,28,0,13)	R(0,01,-0,25,0,15)
17:33:17.298	L(-0,42,-0,24,0,15)	R(-0,14,-0,24,0,19)
17:33:18.339	L(-0,38,-0,46,0,04)	R(-0,11,-0,31,0,26)
17:33:19.381	L(-0,37,-0,47,0,03)	R(-0,10,-0,30,0,27)
17:33:20.436	L(-0,36,-0,46,0,04)	R(-0,09,-0,30,0,27)
17:33:21.479	L(-0,51,-0,30,0,18)	R(0,03,-0,29,0,19)
17:33:22.519	L(-0,35,-0,45,0,07)	R(-0,09,-0,31,0,28)
17:33:23.562	L(-0,37,-0,36,0,13)	R(-0,07,-0,29,0,23)
17:33:24.603	L(-0,33,-0,42,0,06)	R(-0,10,-0,32,0,26)
17:33:25.644	L(-0,32,-0,28,0,17)	R(0,03,-0,25,0,16)
17:33:26.686	L(-0,28,-0,31,0,15)	R(-0,11,-0,30,0,27)
17:33:27.728	L(-0,41,-0,16,0,20)	R(-0,15,-0,21,0,21)
17:33:28.756	L(-0,30,-0,38,0,12)	R(-0,07,-0,29,0,22)
17:33:29.797	L(-0,34,-0,43,0,03)	R(-0,12,-0,30,0,26)
17:33:30.839	L(-0,34,-0,44,0,05)	R(-0,13,-0,32,0,27)
17:33:31.880	L(-0,34,-0,42,0,07)	R(-0,09,-0,32,0,28)
17:33:32.922	L(-0,35,-0,41,0,07)	R(-0,07,-0,33,0,28)
17:33:33.963	L(-0,34,-0,42,0,07)	R(-0,07,-0,32,0,26)
17:33:35.006	L(-0,24,-0,57,0,01)	R(-0,04,-0,36,0,29)
17:33:36.048	L(-0,22,-0,62,0,02)	R(-0,04,-0,33,0,30)
17:33:37.089	L(-0,22,-0,62,0,02)	R(-0,03,-0,34,0,30)
17:33:38.130	L(-0,24,-0,53,0,01)	R(-0,02,-0,24,0,23)
17:33:39.172	L(-0,31,-0,43,0,04)	R(-0,03,-0,15,0,28)
17:33:40.214	L(-0,30,-0,42,0,05)	R(-0,03,-0,16,0,29)
17:33:41.257	L(-0,29,-0,42,0,05)	R(-0,04,-0,15,0,29)
17:33:42.258	L(-0,28,-0,39,0,06)	R(0,03,0,06,0,24)
17:33:43.271	L(-0,29,-0,43,0,03)	R(-0,12,-0,16,0,26)
17:33:44.311	L(-0,29,-0,41,0,05)	R(-0,11,-0,13,0,28)
17:33:45.353	L(-0,29,-0,41,0,06)	R(-0,11,-0,27,0,27)
17:33:46.394	L(-0,27,-0,41,0,08)	R(-0,10,-0,31,0,28)
17:33:47.436	L(-0,27,-0,40,0,07)	R(-0,11,-0,32,0,26)
17:33:48.476	L(-0,27,-0,42,0,07)	R(-0,14,-0,26,0,25)
17:33:49.518	L(-0,27,-0,42,0,08)	R(-0,16,-0,26,0,26)
17:33:50.559	L(-0,27,-0,41,0,07)	R(-0,16,-0,24,0,27)
17:33:51.601	L(-0,27,-0,42,0,08)	R(-0,16,-0,26,0,27)
17:33:52.642	L(-0,24,-0,43,0,05)	R(-0,13,-0,47,0,03)
17:33:53.671	L(-0,21,-0,44,0,01)	R(-0,14,-0,48,0,00)
17:33:54.698	L(-0,21,-0,44,0,02)	R(-0,10,-0,47,0,04)
17:33:55.740	L(-0,21,-0,45,0,03)	R(-0,02,-0,49,0,09)
17:33:56.770	L(-0,23,-0,38,0,06)	R(-0,03,-0,44,0,07)
17:33:57.796	L(-0,20,-0,36,0,05)	R(0,03,-0,42,0,05)
17:33:58.825	L(-0,23,-0,37,0,04)	R(0,00,-0,36,0,04)
17:33:59.873	L(0,0,00,0,00)	R(0,0,00,0,00)
17:34:00.940	L(0,0,00,0,00)	R(0,0,00,0,00)
17:34:01.972	L(0,0,00,0,00)	R(0,0,00,0,00)
17:34:02.998	L(0,0,00,0,00)	R(0,0,00,0,00)
17:34:03.999	L(0,0,00,0,00)	R(0,0,00,0,00)
17:34:05.054	L(0,0,00,0,00)	R(0,0,00,0,00)
17:34:06.069	L(0,0,00,0,00)	R(0,0,00,0,00)
17:34:07.081	L(0,0,00,0,00)	R(0,0,00,0,00)
17:34:08.136	L(0,0,00,0,00)	R(0,0,00,0,00)
17:34:09.163	L(0,0,00,0,00)	R(0,0,00,0,00)
17:34:10.165	L(0,0,00,0,00)	R(0,0,00,0,00)
17:34:11.220	L(0,0,00,0,00)	R(0,0,00,0,00)
17:34:12.274	L(0,0,00,0,00)	R(0,0,00,0,00)
17:34:13.275	L(0,0,00,0,00)	R(0,0,00,0,00)
17:34:14.275	L(0,0,00,0,00)	R(0,0,00,0,00)
17:34:15.330	L(0,0,00,0,00)	R(0,0,00,0,00)
